8.216557617187500000e+02
5.418092041015625000e+02
5.153708496093750000e+02
4.821387023925781250e+02
4.241460876464843750e+02
3.986203918457031250e+02
3.588078308105468750e+02
3.421625061035156250e+02
3.269308166503906250e+02
3.254375915527343750e+02
3.001819763183593750e+02
2.842909240722656250e+02
2.924014587402343750e+02
2.855276184082031250e+02
2.520905609130859375e+02
2.576786499023437500e+02
2.596819763183593750e+02
2.412911529541015625e+02
2.471578521728515625e+02
2.423585205078125000e+02
2.242716522216796875e+02
2.312306976318359375e+02
2.264224395751953125e+02
2.147751770019531250e+02
2.179360656738281250e+02
2.086826477050781250e+02
2.110911712646484375e+02
2.080906677246093750e+02
2.091422119140625000e+02
1.975055541992187500e+02
1.900879669189453125e+02
1.963302459716796875e+02
1.927947235107421875e+02
1.876728363037109375e+02
1.958768615722656250e+02
1.735948486328125000e+02
1.880634460449218750e+02
1.739881896972656250e+02
1.782114715576171875e+02
1.639961090087890625e+02
1.815133666992187500e+02
1.719176635742187500e+02
1.664809265136718750e+02
1.577555541992187500e+02
1.647670135498046875e+02
1.573093109130859375e+02
1.519555053710937500e+02
1.661605529785156250e+02
1.550342559814453125e+02
1.571933746337890625e+02
1.492110443115234375e+02
1.459575653076171875e+02
1.513143768310546875e+02
1.533468322753906250e+02
1.400994110107421875e+02
1.501475524902343750e+02
1.540738220214843750e+02
1.352844238281250000e+02
1.360583801269531250e+02
1.397556610107421875e+02
1.416101531982421875e+02
1.388864288330078125e+02
1.425825347900390625e+02
1.280230407714843750e+02
1.439557800292968750e+02
1.323315124511718750e+02
1.333918609619140625e+02
1.268065795898437500e+02
1.462423248291015625e+02
1.171305694580078125e+02
1.301752166748046875e+02
1.253526153564453125e+02
1.273691177368164062e+02
1.314697418212890625e+02
1.206010437011718750e+02
1.217380447387695312e+02
1.283964385986328125e+02
1.191161041259765625e+02
1.225648651123046875e+02
1.077982940673828125e+02
1.204611740112304688e+02
1.150611343383789062e+02
1.163677597045898438e+02
1.168276138305664062e+02
1.213295669555664062e+02
1.205980148315429688e+02
1.105897064208984375e+02
1.078868713378906250e+02
1.154455337524414062e+02
1.225169448852539062e+02
9.835809326171875000e+01
1.163692245483398438e+02
1.095625000000000000e+02
1.049049148559570312e+02
1.077655181884765625e+02
1.212268905639648438e+02
9.755847167968750000e+01
1.093579635620117188e+02
1.055946731567382812e+02
1.054654998779296875e+02
9.758783721923828125e+01
1.128630294799804688e+02
1.030685272216796875e+02
1.025815505981445312e+02
1.037332305908203125e+02
9.739759063720703125e+01
9.997461700439453125e+01
9.738887786865234375e+01
1.041200790405273438e+02
9.412872314453125000e+01
9.490324401855468750e+01
1.044568252563476562e+02
9.384965515136718750e+01
1.050054626464843750e+02
9.858324432373046875e+01
9.005195617675781250e+01
9.763063049316406250e+01
1.033516006469726562e+02
9.909876251220703125e+01
9.416114044189453125e+01
9.127174377441406250e+01
9.346081542968750000e+01
1.054762420654296875e+02
8.363208770751953125e+01
9.980700683593750000e+01
9.658448791503906250e+01
9.023462677001953125e+01
9.436639404296875000e+01
9.312264251708984375e+01
8.949627685546875000e+01
9.031980895996093750e+01
9.089257049560546875e+01
8.934683990478515625e+01
9.463466644287109375e+01
8.678199005126953125e+01
8.483303833007812500e+01
9.519759368896484375e+01
8.514454650878906250e+01
8.823554992675781250e+01
9.750931549072265625e+01
7.641762542724609375e+01
8.995981597900390625e+01
8.602185821533203125e+01
8.244382476806640625e+01
9.307363128662109375e+01
8.676512908935546875e+01
8.009087371826171875e+01
7.881655120849609375e+01
7.989707183837890625e+01
8.781948852539062500e+01
8.498050689697265625e+01
7.602610015869140625e+01
8.292228698730468750e+01
8.898287963867187500e+01
7.434039306640625000e+01
8.083889007568359375e+01
8.537255859375000000e+01
8.608232879638671875e+01
7.049007415771484375e+01
8.338452911376953125e+01
7.221854400634765625e+01
8.404570007324218750e+01
8.109564208984375000e+01
8.208029174804687500e+01
8.076081848144531250e+01
6.689598083496093750e+01
7.526758575439453125e+01
7.838861083984375000e+01
7.522679901123046875e+01
7.442852783203125000e+01
7.892445373535156250e+01
7.597002410888671875e+01
7.412738800048828125e+01
6.847526550292968750e+01
7.484683227539062500e+01
7.680146026611328125e+01
6.960646057128906250e+01
7.048466491699218750e+01
8.365014648437500000e+01
6.633457946777343750e+01
7.129206085205078125e+01
7.768536376953125000e+01
6.231813049316406250e+01
7.368542480468750000e+01
6.849812316894531250e+01
7.481370544433593750e+01
7.549703216552734375e+01
6.894947052001953125e+01
6.989474487304687500e+01
7.450806427001953125e+01
7.382881164550781250e+01
6.262365722656250000e+01
7.182982635498046875e+01
6.471336364746093750e+01
7.266398620605468750e+01
6.524066162109375000e+01
7.551496124267578125e+01
6.042848968505859375e+01
6.795404052734375000e+01
6.810955047607421875e+01
6.557704162597656250e+01
6.868261718750000000e+01
7.288370513916015625e+01
6.411208343505859375e+01
6.956083679199218750e+01
5.959493637084960938e+01
6.861965179443359375e+01
6.151249694824218750e+01
6.584059906005859375e+01
6.842957305908203125e+01
6.280233001708984375e+01
6.479755401611328125e+01
7.000210571289062500e+01
6.236355972290039062e+01
5.991870880126953125e+01
7.345754241943359375e+01
5.761748123168945312e+01
7.351435089111328125e+01
5.716041183471679688e+01
5.702200698852539062e+01
7.032856750488281250e+01
6.073769760131835938e+01
6.290013885498046875e+01
5.934080505371093750e+01
6.638595581054687500e+01
6.170353317260742188e+01
5.842237854003906250e+01
6.098514175415039062e+01
6.647731018066406250e+01
5.988895416259765625e+01
6.631678009033203125e+01
5.770113754272460938e+01
6.111251831054687500e+01
6.482836151123046875e+01
5.444526672363281250e+01
6.192714309692382812e+01
6.088380050659179688e+01
5.661640548706054688e+01
6.153751373291015625e+01
6.475054931640625000e+01
6.054079437255859375e+01
6.121774291992187500e+01
5.603058242797851562e+01
5.913029098510742188e+01
5.529795837402343750e+01
6.052050399780273438e+01
5.949819564819335938e+01
5.393305587768554688e+01
5.848694992065429688e+01
5.418746185302734375e+01
6.158911895751953125e+01
5.936260986328125000e+01
5.605985260009765625e+01
6.092744064331054688e+01
5.384906768798828125e+01
5.072661209106445312e+01
5.993593597412109375e+01
5.744548034667968750e+01
5.481365585327148438e+01
5.798225021362304688e+01
5.453092956542968750e+01
5.981747817993164062e+01
5.368803024291992188e+01
5.359703445434570312e+01
5.750397109985351562e+01
5.505041885375976562e+01
5.244593048095703125e+01
5.302703857421875000e+01
5.381426239013671875e+01
5.693861007690429688e+01
5.440967941284179688e+01
4.911917114257812500e+01
5.629508590698242188e+01
5.407178115844726562e+01
5.212613677978515625e+01
6.000041198730468750e+01
5.060010147094726562e+01
5.398385238647460938e+01
4.997666931152343750e+01
5.339299011230468750e+01
5.248331451416015625e+01
5.261400985717773438e+01
4.677229309082031250e+01
5.284328079223632812e+01
5.531380462646484375e+01
5.517544174194335938e+01
5.040776443481445312e+01
5.383435440063476562e+01
4.964410781860351562e+01
5.081534957885742188e+01
5.022405624389648438e+01
5.113616561889648438e+01
4.864976119995117188e+01
5.421065902709960938e+01
5.031877899169921875e+01
4.760826492309570312e+01
5.032454299926757812e+01
5.359858322143554688e+01
4.928791046142578125e+01
4.913082885742187500e+01
4.853942871093750000e+01
5.075452423095703125e+01
4.727004241943359375e+01
5.086728668212890625e+01
4.429177856445312500e+01
4.761297607421875000e+01
5.048361206054687500e+01
4.888370895385742188e+01
4.806440734863281250e+01
4.926566314697265625e+01
5.291234207153320312e+01
4.015642166137695312e+01
4.558905792236328125e+01
5.152003860473632812e+01
4.745075988769531250e+01
4.559268188476562500e+01
4.694211578369140625e+01
4.345036315917968750e+01
4.616115570068359375e+01
5.442523956298828125e+01
4.479465484619140625e+01
4.711584854125976562e+01
4.673499298095703125e+01
4.493062973022460938e+01
4.235010147094726562e+01
5.010234451293945312e+01
4.169423675537109375e+01
4.272163009643554688e+01
4.862684631347656250e+01
4.765949249267578125e+01
4.612052917480468750e+01
4.468358993530273438e+01
4.600626754760742188e+01
4.561797332763671875e+01
4.270652770996093750e+01
4.529461669921875000e+01
4.861045074462890625e+01
3.983810043334960938e+01
4.780987548828125000e+01
4.522858428955078125e+01
4.533712768554687500e+01
4.227892303466796875e+01
5.125455474853515625e+01
4.053341293334960938e+01
4.189402770996093750e+01
4.427560806274414062e+01
4.291330718994140625e+01
4.695951080322265625e+01
4.735142135620117188e+01
3.447448348999023438e+01
3.992543029785156250e+01
4.622317123413085938e+01
4.014035034179687500e+01
4.380263137817382812e+01
4.622143554687500000e+01
3.922017288208007812e+01
4.138857269287109375e+01
4.081238937377929688e+01
4.750717544555664062e+01
4.068426513671875000e+01
4.373994827270507812e+01
4.084396362304687500e+01
4.022425460815429688e+01
4.278822708129882812e+01
4.176686859130859375e+01
4.334243011474609375e+01
4.501332473754882812e+01
4.196242523193359375e+01
3.699347305297851562e+01
3.901347351074218750e+01
4.557780456542968750e+01
3.775339889526367188e+01
4.556582641601562500e+01
3.933472824096679688e+01
4.110869979858398438e+01
4.112947082519531250e+01
3.967686462402343750e+01
3.918221282958984375e+01
3.817708587646484375e+01
4.169948577880859375e+01
3.780409622192382812e+01
3.950820541381835938e+01
4.341199874877929688e+01
4.479138183593750000e+01
4.003136444091796875e+01
4.012609863281250000e+01
3.584838104248046875e+01
4.033905410766601562e+01
3.745842742919921875e+01
3.746621322631835938e+01
4.054141235351562500e+01
3.712626647949218750e+01
4.504491043090820312e+01
4.078157043457031250e+01
3.743834304809570312e+01
3.686086273193359375e+01
4.000275802612304688e+01
3.719061279296875000e+01
3.558707427978515625e+01
3.874646377563476562e+01
3.915497207641601562e+01
3.944955062866210938e+01
3.275327682495117188e+01
3.812239456176757812e+01
3.975675201416015625e+01
3.738109588623046875e+01
3.725138473510742188e+01
3.741000747680664062e+01
3.735189056396484375e+01
3.583290100097656250e+01
3.486875915527343750e+01
3.934249877929687500e+01
3.715428161621093750e+01
3.682553100585937500e+01
3.581187438964843750e+01
3.613208389282226562e+01
3.797930908203125000e+01
3.960493850708007812e+01
3.694205856323242188e+01
3.465192413330078125e+01
3.721133804321289062e+01
3.602648925781250000e+01
3.404955673217773438e+01
3.866651535034179688e+01
3.483353424072265625e+01
3.453900146484375000e+01
3.930784988403320312e+01
3.499341583251953125e+01
3.482364654541015625e+01
3.575349044799804688e+01
3.620819854736328125e+01
3.466757583618164062e+01
4.019233322143554688e+01
3.106189918518066406e+01
3.212220001220703125e+01
3.455512237548828125e+01
3.472865295410156250e+01
3.667686843872070312e+01
3.297512817382812500e+01
3.256616210937500000e+01
3.458057022094726562e+01
3.419749832153320312e+01
3.735496902465820312e+01
3.593578338623046875e+01
3.338336181640625000e+01
3.278571319580078125e+01
3.542853546142578125e+01
3.356955718994140625e+01
3.276078414916992188e+01
3.464871978759765625e+01
3.368247985839843750e+01
3.375405120849609375e+01
3.505745315551757812e+01
3.375482177734375000e+01
3.444319534301757812e+01
3.371686935424804688e+01
3.283908843994140625e+01
3.608157730102539062e+01
3.164567184448242188e+01
3.281697082519531250e+01
3.198725509643554688e+01
3.341159820556640625e+01
3.456930160522460938e+01
3.306722640991210938e+01
3.138957786560058594e+01
3.406787872314453125e+01
3.483926010131835938e+01
3.089488601684570312e+01
3.236150741577148438e+01
3.264524841308593750e+01
3.304670715332031250e+01
3.310007858276367188e+01
2.933242797851562500e+01
3.337186050415039062e+01
3.234908676147460938e+01
3.039400291442871094e+01
3.081483078002929688e+01
3.080572319030761719e+01
3.117778778076171875e+01
3.239841461181640625e+01
3.077944374084472656e+01
3.267314147949218750e+01
3.187307357788085938e+01
3.216829681396484375e+01
3.036219787597656250e+01
3.245593261718750000e+01
3.296578216552734375e+01
2.870134544372558594e+01
3.472944641113281250e+01
2.824430274963378906e+01
3.325582122802734375e+01
3.348456954956054688e+01
2.836991691589355469e+01
3.283318710327148438e+01
3.000545120239257812e+01
3.012809181213378906e+01
2.950622558593750000e+01
3.246627044677734375e+01
2.755085182189941406e+01
2.906507110595703125e+01
3.186694335937500000e+01
2.878825950622558594e+01
3.164442825317382812e+01
3.071182632446289062e+01
3.117346572875976562e+01
3.045859146118164062e+01
2.985833740234375000e+01
2.663042640686035156e+01
3.015664482116699219e+01
3.362285614013671875e+01
2.934033393859863281e+01
3.239377593994140625e+01
2.738799095153808594e+01
2.876122283935546875e+01
3.064423370361328125e+01
2.857334518432617188e+01
2.901323127746582031e+01
2.897251701354980469e+01
3.034417915344238281e+01
2.797866630554199219e+01
2.823469924926757812e+01
2.930804634094238281e+01
2.875977516174316406e+01
3.035140800476074219e+01
2.947513771057128906e+01
2.810209655761718750e+01
2.657727050781250000e+01
2.923034477233886719e+01
2.875124359130859375e+01
2.817390823364257812e+01
2.703646659851074219e+01
2.982396507263183594e+01
2.708343505859375000e+01
2.884962272644042969e+01
2.840569496154785156e+01
2.972955703735351562e+01
2.745160293579101562e+01
2.781675338745117188e+01
3.031241989135742188e+01
2.698155403137207031e+01
2.866288566589355469e+01
2.846640205383300781e+01
2.686257171630859375e+01
2.593323516845703125e+01
2.809070587158203125e+01
2.659915733337402344e+01
2.825815963745117188e+01
2.697660636901855469e+01
2.718871688842773438e+01
2.705720329284667969e+01
3.009416770935058594e+01
2.510772514343261719e+01
2.701482009887695312e+01
2.681976890563964844e+01
2.878542327880859375e+01
2.515067672729492188e+01
2.668845176696777344e+01
2.557263755798339844e+01
2.785029792785644531e+01
2.483604812622070312e+01
3.000069236755371094e+01
2.684033775329589844e+01
2.632423973083496094e+01
2.499611091613769531e+01
2.626618194580078125e+01
2.734412574768066406e+01
2.778355407714843750e+01
2.760006904602050781e+01
2.649617385864257812e+01
2.502870941162109375e+01
2.692636489868164062e+01
2.524743652343750000e+01
2.634104347229003906e+01
2.480451202392578125e+01
2.654635047912597656e+01
2.576328086853027344e+01
2.669311904907226562e+01
2.673048591613769531e+01
2.590325927734375000e+01
2.675584602355957031e+01
2.476997184753417969e+01
2.607872200012207031e+01
2.588132095336914062e+01
2.405084800720214844e+01
2.602205085754394531e+01
2.628468513488769531e+01
2.353830909729003906e+01
2.610913467407226562e+01
2.616393661499023438e+01
2.626233100891113281e+01
2.449543190002441406e+01
2.480227470397949219e+01
2.561819648742675781e+01
2.392410659790039062e+01
2.535674285888671875e+01
2.576864814758300781e+01
2.497980499267578125e+01
2.422072029113769531e+01
2.542292022705078125e+01
2.445447731018066406e+01
2.589328575134277344e+01
2.328754043579101562e+01
2.344712257385253906e+01
2.498897743225097656e+01
2.616114044189453125e+01
2.386687088012695312e+01
2.633539962768554688e+01
2.380958747863769531e+01
2.478646659851074219e+01
2.262927246093750000e+01
2.444434547424316406e+01
2.477871513366699219e+01
2.510167694091796875e+01
2.401684379577636719e+01
2.499881362915039062e+01
2.427062034606933594e+01
2.451210784912109375e+01
2.398278045654296875e+01
2.314827346801757812e+01
2.511904907226562500e+01
2.271488571166992188e+01
2.303992462158203125e+01
2.410755348205566406e+01
2.400825500488281250e+01
2.216089057922363281e+01
2.555867767333984375e+01
2.282551193237304688e+01
2.550660324096679688e+01
2.348761749267578125e+01
2.282582283020019531e+01
2.517789649963378906e+01
2.408433341979980469e+01
2.244606590270996094e+01
2.341653633117675781e+01
2.455089187622070312e+01
2.291075134277343750e+01
2.265955162048339844e+01
2.391882514953613281e+01
2.369585418701171875e+01
2.195476341247558594e+01
2.194622802734375000e+01
2.508061218261718750e+01
2.150679016113281250e+01
2.435825157165527344e+01
2.528502273559570312e+01
2.189081954956054688e+01
2.321130752563476562e+01
2.246029663085937500e+01
2.351049232482910156e+01
2.218033027648925781e+01
2.338018035888671875e+01
2.202123641967773438e+01
2.395093917846679688e+01
2.200494194030761719e+01
2.286966896057128906e+01
2.253061676025390625e+01
2.360511970520019531e+01
2.119249534606933594e+01
2.307651138305664062e+01
2.163376808166503906e+01
2.211156654357910156e+01
2.231346511840820312e+01
2.172634315490722656e+01
2.257116699218750000e+01
2.213414955139160156e+01
2.194052696228027344e+01
2.216284179687500000e+01
2.249800491333007812e+01
2.231599617004394531e+01
2.327013778686523438e+01
2.226519775390625000e+01
2.299022102355957031e+01
2.173646354675292969e+01
2.176848220825195312e+01
2.196781349182128906e+01
2.310337257385253906e+01
2.287361335754394531e+01
2.050351715087890625e+01
2.163867759704589844e+01
2.320543479919433594e+01
2.030723381042480469e+01
2.167808532714843750e+01
2.205683708190917969e+01
2.336933708190917969e+01
2.081769180297851562e+01
2.091900634765625000e+01
2.094770812988281250e+01
2.191281318664550781e+01
2.192738342285156250e+01
2.127380943298339844e+01
2.041222953796386719e+01
2.057714080810546875e+01
2.094825935363769531e+01
2.061404228210449219e+01
2.063886642456054688e+01
2.118310546875000000e+01
2.278064918518066406e+01
1.964026069641113281e+01
2.148120880126953125e+01
2.214119338989257812e+01
2.091300392150878906e+01
2.078394699096679688e+01
2.072145080566406250e+01
2.049994277954101562e+01
2.178870582580566406e+01
2.200825309753417969e+01
1.938478088378906250e+01
2.157837104797363281e+01
2.042921257019042969e+01
1.947250366210937500e+01
2.368286132812500000e+01
1.916121101379394531e+01
2.023195075988769531e+01
1.976139259338378906e+01
2.096623229980468750e+01
1.972329902648925781e+01
2.084794425964355469e+01
1.966068649291992188e+01
2.037407493591308594e+01
2.024475669860839844e+01
2.007146453857421875e+01
2.042339324951171875e+01
2.052884101867675781e+01
1.960898780822753906e+01
2.126660346984863281e+01
1.959386062622070312e+01
2.016889190673828125e+01
1.974920654296875000e+01
1.942946434020996094e+01
1.985897445678710938e+01
1.983145332336425781e+01
1.916319274902343750e+01
1.952351760864257812e+01
2.128612709045410156e+01
1.991618919372558594e+01
1.971360588073730469e+01
1.975833511352539062e+01
1.963979721069335938e+01
1.941427421569824219e+01
2.010556602478027344e+01
2.001381301879882812e+01
2.013749885559082031e+01
1.941016197204589844e+01
2.069845199584960938e+01
2.006994056701660156e+01
1.969466209411621094e+01
1.894155311584472656e+01
1.940195465087890625e+01
1.886824798583984375e+01
1.864178085327148438e+01
1.922674942016601562e+01
1.992445945739746094e+01
1.940793228149414062e+01
1.970403671264648438e+01
1.904448509216308594e+01
1.956725502014160156e+01
1.999979782104492188e+01
1.828216171264648438e+01
1.952858924865722656e+01
1.912777519226074219e+01
1.854729843139648438e+01
1.874399566650390625e+01
1.888591194152832031e+01
1.972065925598144531e+01
1.895156860351562500e+01
1.842995071411132812e+01
1.984928512573242188e+01
1.881042480468750000e+01
1.934406089782714844e+01
2.016774749755859375e+01
1.893212318420410156e+01
1.821372795104980469e+01
1.875679779052734375e+01
1.845764923095703125e+01
1.858706855773925781e+01
1.875831985473632812e+01
1.814266777038574219e+01
1.906651306152343750e+01
1.785091781616210938e+01
1.955347061157226562e+01
1.821762466430664062e+01
1.812120246887207031e+01
1.915805244445800781e+01
1.821324729919433594e+01
1.888519668579101562e+01
1.853847312927246094e+01
1.907990646362304688e+01
1.826092910766601562e+01
1.817112731933593750e+01
1.808071708679199219e+01
1.839082717895507812e+01
1.840579605102539062e+01
1.982501792907714844e+01
1.824364471435546875e+01
1.875988006591796875e+01
1.893732452392578125e+01
1.801687622070312500e+01
1.805444145202636719e+01
1.830804634094238281e+01
1.855024719238281250e+01
1.837596511840820312e+01
1.785740661621093750e+01
1.761627006530761719e+01
1.802793693542480469e+01
1.776960372924804688e+01
1.831895446777343750e+01
1.890416145324707031e+01
1.760217285156250000e+01
1.740339660644531250e+01
1.802231025695800781e+01
1.804695510864257812e+01
1.762322425842285156e+01
1.744901275634765625e+01
1.761086082458496094e+01
1.780890846252441406e+01
1.665173339843750000e+01
1.764898681640625000e+01
1.865488624572753906e+01
1.796244621276855469e+01
1.783729934692382812e+01
1.746829223632812500e+01
1.737065696716308594e+01
1.713776206970214844e+01
1.805035972595214844e+01
1.731362915039062500e+01
1.737494277954101562e+01
1.731754493713378906e+01
1.809832572937011719e+01
1.765691947937011719e+01
1.730017662048339844e+01
1.691229057312011719e+01
1.781125831604003906e+01
1.683484649658203125e+01
1.691867065429687500e+01
1.810887145996093750e+01
1.753722953796386719e+01
1.713096809387207031e+01
1.690501594543457031e+01
1.721499633789062500e+01
1.668703079223632812e+01
1.721818733215332031e+01
1.750465774536132812e+01
1.809671783447265625e+01
1.714525222778320312e+01
1.778628349304199219e+01
1.651316833496093750e+01
1.673778915405273438e+01
1.694206619262695312e+01
1.685090637207031250e+01
1.710988807678222656e+01
1.718866729736328125e+01
1.720951843261718750e+01
1.651224517822265625e+01
1.685663986206054688e+01
1.690891075134277344e+01
1.673241233825683594e+01
1.748640632629394531e+01
1.652419662475585938e+01
1.615114212036132812e+01
1.692879867553710938e+01
1.646344947814941406e+01
1.678119659423828125e+01
1.709514045715332031e+01
1.632093620300292969e+01
1.642689323425292969e+01
1.672870063781738281e+01
1.660206794738769531e+01
1.607150268554687500e+01
1.702243423461914062e+01
1.641822814941406250e+01
1.694775772094726562e+01
1.602719879150390625e+01
1.685055923461914062e+01
1.668586921691894531e+01
1.654576301574707031e+01
1.652761459350585938e+01
1.670149421691894531e+01
1.556888008117675781e+01
1.626827621459960938e+01
1.645309638977050781e+01
1.638518524169921875e+01
1.677969360351562500e+01
1.647701644897460938e+01
1.591003704071044922e+01
1.593029880523681641e+01
1.623255157470703125e+01
1.607693099975585938e+01
1.577801704406738281e+01
1.614867210388183594e+01
1.618466377258300781e+01
1.578324985504150391e+01
1.639015579223632812e+01
1.570971107482910156e+01
1.687075042724609375e+01
1.638988876342773438e+01
1.568481254577636719e+01
1.657042312622070312e+01
1.631428527832031250e+01
1.589992427825927734e+01
1.585449123382568359e+01
1.641825485229492188e+01
1.616440582275390625e+01
1.589451694488525391e+01
1.592491722106933594e+01
1.571450328826904297e+01
1.614309501647949219e+01
1.592032146453857422e+01
1.563726997375488281e+01
1.615067672729492188e+01
1.578360462188720703e+01
1.635281562805175781e+01
1.549477100372314453e+01
1.571565532684326172e+01
1.551025295257568359e+01
1.565828609466552734e+01
1.560809612274169922e+01
1.568662548065185547e+01
1.606455230712890625e+01
1.567519855499267578e+01
1.580071830749511719e+01
1.600231552124023438e+01
1.545251178741455078e+01
1.552264308929443359e+01
1.596404457092285156e+01
1.578660583496093750e+01
1.584141731262207031e+01
1.561530876159667969e+01
1.537555694580078125e+01
1.540508174896240234e+01
1.584838676452636719e+01
1.585915851593017578e+01
1.548645114898681641e+01
1.533975601196289062e+01
1.500870609283447266e+01
1.527179718017578125e+01
1.554004001617431641e+01
1.545424270629882812e+01
1.524394989013671875e+01
1.546465110778808594e+01
1.522236156463623047e+01
1.504747676849365234e+01
1.542104816436767578e+01
1.537317180633544922e+01
1.534172725677490234e+01
1.533552169799804688e+01
1.535151576995849609e+01
1.528994274139404297e+01
1.545932579040527344e+01
1.510874557495117188e+01
1.466380882263183594e+01
1.541254997253417969e+01
1.545687294006347656e+01
1.479732418060302734e+01
1.529802608489990234e+01
1.491586112976074219e+01
1.505565261840820312e+01
1.532021713256835938e+01
1.498862838745117188e+01
1.496616840362548828e+01
1.502475166320800781e+01
1.466106033325195312e+01
1.558935165405273438e+01
1.477894592285156250e+01
1.502532386779785156e+01
1.523808097839355469e+01
1.495773983001708984e+01
1.541282749176025391e+01
1.475159454345703125e+01
1.481275844573974609e+01
1.471520328521728516e+01
1.533150959014892578e+01
1.470378971099853516e+01
1.465724849700927734e+01
1.440960407257080078e+01
1.435794162750244141e+01
1.484297275543212891e+01
1.491605472564697266e+01
1.457916164398193359e+01
1.509739017486572266e+01
1.532148456573486328e+01
1.443403720855712891e+01
1.470454406738281250e+01
1.440468025207519531e+01
1.504688167572021484e+01
1.467465877532958984e+01
1.484978008270263672e+01
1.485366535186767578e+01
1.440272617340087891e+01
1.484984874725341797e+01
1.445464611053466797e+01
1.443776130676269531e+01
1.475006580352783203e+01
1.478403568267822266e+01
1.458873748779296875e+01
1.395068168640136719e+01
1.469850158691406250e+01
1.480542850494384766e+01
1.439172554016113281e+01
1.496974563598632812e+01
1.443030261993408203e+01
1.462210273742675781e+01
1.449197006225585938e+01
1.454040718078613281e+01
1.450242996215820312e+01
1.430019187927246094e+01
1.444587993621826172e+01
1.407328605651855469e+01
1.448072147369384766e+01
1.450383281707763672e+01
1.444391155242919922e+01
1.423676300048828125e+01
1.468367862701416016e+01
1.474637985229492188e+01
1.435406303405761719e+01
1.441310977935791016e+01
1.399557113647460938e+01
1.456369400024414062e+01
1.421594715118408203e+01
1.386850261688232422e+01
1.433072853088378906e+01
1.404714298248291016e+01
1.455774021148681641e+01
1.390532588958740234e+01
1.417078876495361328e+01
1.481877994537353516e+01
1.418348979949951172e+01
1.418067550659179688e+01
1.392948246002197266e+01
1.445115852355957031e+01
1.424984836578369141e+01
1.389491462707519531e+01
1.410449695587158203e+01
1.421657276153564453e+01
1.373347473144531250e+01
1.419760036468505859e+01
1.407120895385742188e+01
1.414361858367919922e+01
1.359420108795166016e+01
1.417182826995849609e+01
1.404103183746337891e+01
1.386358261108398438e+01
1.424872589111328125e+01
1.396831321716308594e+01
1.397223472595214844e+01
1.393867588043212891e+01
1.374673557281494141e+01
1.375903606414794922e+01
1.403178977966308594e+01
1.367710304260253906e+01
1.413430690765380859e+01
1.365203666687011719e+01
1.391938877105712891e+01
1.402166175842285156e+01
1.367071533203125000e+01
1.394167900085449219e+01
1.380652046203613281e+01
1.396806430816650391e+01
1.369802474975585938e+01
1.415032291412353516e+01
1.394504165649414062e+01
1.388745403289794922e+01
1.362944126129150391e+01
1.372251605987548828e+01
1.384788036346435547e+01
1.378128719329833984e+01
1.363075828552246094e+01
1.408518886566162109e+01
1.346253967285156250e+01
1.393501472473144531e+01
1.365819263458251953e+01
1.390430259704589844e+01
1.331497287750244141e+01
1.342478275299072266e+01
1.362308883666992188e+01
1.338879871368408203e+01
1.395172595977783203e+01
1.319976139068603516e+01
1.368776702880859375e+01
1.353510570526123047e+01
1.347899532318115234e+01
1.354049110412597656e+01
1.362205696105957031e+01
1.334532833099365234e+01
1.375662040710449219e+01
1.335410308837890625e+01
1.358127689361572266e+01
1.387501811981201172e+01
1.332526874542236328e+01
1.347583961486816406e+01
1.338622570037841797e+01
1.349405956268310547e+01
1.350765991210937500e+01
1.345754432678222656e+01
1.346893882751464844e+01
1.338785552978515625e+01
1.333990097045898438e+01
1.349487113952636719e+01
1.325535011291503906e+01
1.337827587127685547e+01
1.351120853424072266e+01
1.344712162017822266e+01
1.337996864318847656e+01
1.353245735168457031e+01
1.317772865295410156e+01
1.338934707641601562e+01
1.325558185577392578e+01
1.324152755737304688e+01
1.326556015014648438e+01
1.325352001190185547e+01
1.294648838043212891e+01
1.352904701232910156e+01
1.328952693939208984e+01
1.312359523773193359e+01
1.297700309753417969e+01
1.316579818725585938e+01
1.344255447387695312e+01
1.311722278594970703e+01
1.346247291564941406e+01
1.295672702789306641e+01
1.328589725494384766e+01
1.314820957183837891e+01
1.322704696655273438e+01
1.333921241760253906e+01
1.308702182769775391e+01
1.312770271301269531e+01
1.316104984283447266e+01
1.349361991882324219e+01
1.318649578094482422e+01
1.286004161834716797e+01
1.319929695129394531e+01
1.305677986145019531e+01
1.314595317840576172e+01
1.297566318511962891e+01
1.327410125732421875e+01
1.318226814270019531e+01
1.288444709777832031e+01
1.319034862518310547e+01
1.291152954101562500e+01
1.289300537109375000e+01
1.311304187774658203e+01
1.293201446533203125e+01
1.299711704254150391e+01
1.322608757019042969e+01
1.307426738739013672e+01
1.305618000030517578e+01
1.296464443206787109e+01
1.278020095825195312e+01
1.285840702056884766e+01
1.295950603485107422e+01
1.296815299987792969e+01
1.308943176269531250e+01
1.285435009002685547e+01
1.298610687255859375e+01
1.302285003662109375e+01
1.292932987213134766e+01
1.288170242309570312e+01
1.279298973083496094e+01
1.286483860015869141e+01
1.274733448028564453e+01
1.293720722198486328e+01
1.285618114471435547e+01
1.308432960510253906e+01
1.279807472229003906e+01
1.290905189514160156e+01
1.267195034027099609e+01
1.299974536895751953e+01
1.279658985137939453e+01
1.281189441680908203e+01
1.283455753326416016e+01
1.280505275726318359e+01
1.289728832244873047e+01
1.274332046508789062e+01
1.264154529571533203e+01
1.271582126617431641e+01
1.275405979156494141e+01
1.280529403686523438e+01
1.274949455261230469e+01
1.275935459136962891e+01
1.287148952484130859e+01
1.248113536834716797e+01
1.274480724334716797e+01
1.258272171020507812e+01
1.278857135772705078e+01
1.265420532226562500e+01
1.248663711547851562e+01
1.277290248870849609e+01
1.285062980651855469e+01
1.261172580718994141e+01
1.274503421783447266e+01
1.258296871185302734e+01
1.254348754882812500e+01
1.267441749572753906e+01
1.273460578918457031e+01
1.257258987426757812e+01
1.282567119598388672e+01
1.264144992828369141e+01
1.251177310943603516e+01
1.269809150695800781e+01
1.259342288970947266e+01
1.243147850036621094e+01
1.264309120178222656e+01
1.254899597167968750e+01
1.248054695129394531e+01
1.247617530822753906e+01
1.259462165832519531e+01
1.266027259826660156e+01
1.247450542449951172e+01
1.240255737304687500e+01
1.287168693542480469e+01
1.263909244537353516e+01
1.240539264678955078e+01
1.268260097503662109e+01
1.247278690338134766e+01
1.251912879943847656e+01
1.239363956451416016e+01
1.260186386108398438e+01
1.242844009399414062e+01
1.259882259368896484e+01
1.232909965515136719e+01
1.253466987609863281e+01
1.235977458953857422e+01
1.240600013732910156e+01
1.251801109313964844e+01
1.247194862365722656e+01
1.229478836059570312e+01
1.248120307922363281e+01
1.243404579162597656e+01
1.238208675384521484e+01
1.249495315551757812e+01
1.226843166351318359e+01
1.230387687683105469e+01
1.240042304992675781e+01
1.242344188690185547e+01
1.256490039825439453e+01
1.249061584472656250e+01
1.229068183898925781e+01
1.256039333343505859e+01
1.244044876098632812e+01
1.238719749450683594e+01
1.242527675628662109e+01
1.219648456573486328e+01
1.238017845153808594e+01
1.235256290435791016e+01
1.233607864379882812e+01
1.249234390258789062e+01
1.240911579132080078e+01
1.228176021575927734e+01
1.233757019042968750e+01
1.244491100311279297e+01
1.231702709197998047e+01
1.228869247436523438e+01
1.234218406677246094e+01
1.236892986297607422e+01
1.217674732208251953e+01
1.210723686218261719e+01
1.225456047058105469e+01
1.222739315032958984e+01
1.211578845977783203e+01
1.200260448455810547e+01
1.221383857727050781e+01
1.213973712921142578e+01
1.213831138610839844e+01
1.221602821350097656e+01
1.217442893981933594e+01
1.230022430419921875e+01
1.206296443939208984e+01
1.221945285797119141e+01
1.232698726654052734e+01
1.201181030273437500e+01
1.216928386688232422e+01
1.214233589172363281e+01
1.204497528076171875e+01
1.197086334228515625e+01
1.219227123260498047e+01
1.214563560485839844e+01
1.227747726440429688e+01
1.211932182312011719e+01
1.200689411163330078e+01
1.221253299713134766e+01
1.209626388549804688e+01
1.196921253204345703e+01
1.203689098358154297e+01
1.201457595825195312e+01
1.207973575592041016e+01
1.202413558959960938e+01
1.219285678863525391e+01
1.203302383422851562e+01
1.215033245086669922e+01
1.218345737457275391e+01
1.213856983184814453e+01
1.194346237182617188e+01
1.205019569396972656e+01
1.211717319488525391e+01
1.211747169494628906e+01
1.197911167144775391e+01
1.203596687316894531e+01
1.226640033721923828e+01
1.186336994171142578e+01
1.228767395019531250e+01
1.196725177764892578e+01
1.191473197937011719e+01
1.189627647399902344e+01
1.202649307250976562e+01
1.191436862945556641e+01
1.209586715698242188e+01
1.185089778900146484e+01
1.200871849060058594e+01
1.189995574951171875e+01
1.186870002746582031e+01
1.200726413726806641e+01
1.193331623077392578e+01
1.178668880462646484e+01
1.183466815948486328e+01
1.190209579467773438e+01
1.208125114440917969e+01
1.190886974334716797e+01
1.196725749969482422e+01
1.195892620086669922e+01
1.186830139160156250e+01
1.189948368072509766e+01
1.188280010223388672e+01
1.199081993103027344e+01
1.186298179626464844e+01
1.185692596435546875e+01
1.197476959228515625e+01
1.179915428161621094e+01
1.206522560119628906e+01
1.189122390747070312e+01
1.183248233795166016e+01
1.197865676879882812e+01
1.186191844940185547e+01
1.200070285797119141e+01
1.184670543670654297e+01
1.190772914886474609e+01
1.185287284851074219e+01
1.191732883453369141e+01
1.184290885925292969e+01
1.170969676971435547e+01
1.193385028839111328e+01
1.177802276611328125e+01
1.171679592132568359e+01
1.186309909820556641e+01
1.189608669281005859e+01
1.195919895172119141e+01
1.177225494384765625e+01
1.177602005004882812e+01
1.181431198120117188e+01
1.190360832214355469e+01
1.181895732879638672e+01
1.171835613250732422e+01
1.181048774719238281e+01
1.167994689941406250e+01
1.175972747802734375e+01
1.166325283050537109e+01
1.167531108856201172e+01
1.165159511566162109e+01
1.177054882049560547e+01
1.174188041687011719e+01
1.178820323944091797e+01
1.168647575378417969e+01
1.181095886230468750e+01
1.164550876617431641e+01
1.174541378021240234e+01
1.169571685791015625e+01
1.175793170928955078e+01
1.183374881744384766e+01
1.163932800292968750e+01
1.174255466461181641e+01
1.160277080535888672e+01
1.192938518524169922e+01
1.172115421295166016e+01
1.176951980590820312e+01
1.173624610900878906e+01
1.168935203552246094e+01
1.169880676269531250e+01
1.166295719146728516e+01
1.168371677398681641e+01
1.169577503204345703e+01
1.163896560668945312e+01
1.166722393035888672e+01
1.168873786926269531e+01
1.163666152954101562e+01
1.171976661682128906e+01
1.177874183654785156e+01
1.150351524353027344e+01
1.162494659423828125e+01
1.170313739776611328e+01
1.169421195983886719e+01
1.166875743865966797e+01
1.157060432434082031e+01
1.162939167022705078e+01
1.158543491363525391e+01
1.157975006103515625e+01
1.157954216003417969e+01
1.150678539276123047e+01
1.167225837707519531e+01
1.161236095428466797e+01
1.157253646850585938e+01
1.168026447296142578e+01
1.159591197967529297e+01
1.154865550994873047e+01
1.158537101745605469e+01
1.157941341400146484e+01
1.154930877685546875e+01
1.159016036987304688e+01
1.146397686004638672e+01
1.158806133270263672e+01
1.161257648468017578e+01
1.151602840423583984e+01
1.163965034484863281e+01
1.152983951568603516e+01
1.159495544433593750e+01
1.154543399810791016e+01
1.146815586090087891e+01
1.151640796661376953e+01
1.146588993072509766e+01
1.173242759704589844e+01
1.164960861206054688e+01
1.148779964447021484e+01
1.152588748931884766e+01
1.153193187713623047e+01
1.154674816131591797e+01
1.154394531250000000e+01
1.153767108917236328e+01
1.165364360809326172e+01
1.152278041839599609e+01
1.149097824096679688e+01
1.157719516754150391e+01
1.151473045349121094e+01
1.147864151000976562e+01
1.142461585998535156e+01
1.166693401336669922e+01
1.152172088623046875e+01
1.151203250885009766e+01
1.155698585510253906e+01
1.152829742431640625e+01
1.143163394927978516e+01
1.152054595947265625e+01
1.138758182525634766e+01
1.141922855377197266e+01
1.151735973358154297e+01
1.146733856201171875e+01
1.148293399810791016e+01
1.147578334808349609e+01
1.139826011657714844e+01
1.149616718292236328e+01
1.140134239196777344e+01
1.144386959075927734e+01
1.140911293029785156e+01
1.146908760070800781e+01
1.144916343688964844e+01
1.133752250671386719e+01
1.157249927520751953e+01
1.133328342437744141e+01
1.142015457153320312e+01
1.133155918121337891e+01
1.142197418212890625e+01
1.139748954772949219e+01
1.141584110260009766e+01
1.131392097473144531e+01
1.136246967315673828e+01
1.140529155731201172e+01
1.141903400421142578e+01
1.135690402984619141e+01
1.137287616729736328e+01
1.147567462921142578e+01
1.130342292785644531e+01
1.137148952484130859e+01
1.142300415039062500e+01
1.134949398040771484e+01
1.138947200775146484e+01
1.130995464324951172e+01
1.136962032318115234e+01
1.136419677734375000e+01
1.129282188415527344e+01
1.136818885803222656e+01
1.138756465911865234e+01
1.138615608215332031e+01
1.134457874298095703e+01
1.128847885131835938e+01
1.128341102600097656e+01
1.135605812072753906e+01
1.134587669372558594e+01
1.124614906311035156e+01
1.135207176208496094e+01
1.130247688293457031e+01
1.140423870086669922e+01
1.126490879058837891e+01
1.134052276611328125e+01
1.126642990112304688e+01
1.133501434326171875e+01
1.130904674530029297e+01
1.127452278137207031e+01
1.123573875427246094e+01
1.125940322875976562e+01
1.127450656890869141e+01
1.126522159576416016e+01
1.130042457580566406e+01
1.132412433624267578e+01
1.129874324798583984e+01
1.121605014801025391e+01
1.123768234252929688e+01
1.126965999603271484e+01
1.142319393157958984e+01
1.123760509490966797e+01
1.139794826507568359e+01
1.122871017456054688e+01
1.124599552154541016e+01
1.121883678436279297e+01
1.119072246551513672e+01
1.123512458801269531e+01
1.133858966827392578e+01
1.131404304504394531e+01
1.123307609558105469e+01
1.130190563201904297e+01
1.120312404632568359e+01
1.123565292358398438e+01
1.121433830261230469e+01
1.123534679412841797e+01
1.122461318969726562e+01
1.123989772796630859e+01
1.129056167602539062e+01
1.126267719268798828e+01
1.119873142242431641e+01
1.123216819763183594e+01
1.120126247406005859e+01
1.124681377410888672e+01
1.127980613708496094e+01
1.119202613830566406e+01
1.113682556152343750e+01
1.115468597412109375e+01
1.113482761383056641e+01
1.126882743835449219e+01
1.122608757019042969e+01
1.123633384704589844e+01
1.116057586669921875e+01
1.118827342987060547e+01
1.118480014801025391e+01
1.121216487884521484e+01
1.122357749938964844e+01
1.111652565002441406e+01
1.118740177154541016e+01
1.117311382293701172e+01
1.122155094146728516e+01
1.122592639923095703e+01
1.116437053680419922e+01
1.113539886474609375e+01
1.113244915008544922e+01
1.120619487762451172e+01
1.118028831481933594e+01
1.114482975006103516e+01
1.116785335540771484e+01
1.116428184509277344e+01
1.116882705688476562e+01
1.115119361877441406e+01
1.115144634246826172e+01
1.118473720550537109e+01
1.114146232604980469e+01
1.120495033264160156e+01
1.112860488891601562e+01
1.112762165069580078e+01
1.114478111267089844e+01
1.119659614562988281e+01
1.110667896270751953e+01
1.112396049499511719e+01
1.120316219329833984e+01
1.120670890808105469e+01
1.110258102416992188e+01
1.109765529632568359e+01
1.108902835845947266e+01
1.114690685272216797e+01
1.114317607879638672e+01
1.109579658508300781e+01
1.112916851043701172e+01
1.107889175415039062e+01
1.106006145477294922e+01
1.105627250671386719e+01
1.107750988006591797e+01
1.108652687072753906e+01
1.110544967651367188e+01
1.108323955535888672e+01
1.110036563873291016e+01
1.109000396728515625e+01
1.114332485198974609e+01
1.105005073547363281e+01
1.104467010498046875e+01
1.113156890869140625e+01
1.112806606292724609e+01
1.109155654907226562e+01
1.105267524719238281e+01
1.110500240325927734e+01
1.109751987457275391e+01
1.105659008026123047e+01
1.104837036132812500e+01
1.111599922180175781e+01
1.106473255157470703e+01
1.111844825744628906e+01
1.103693389892578125e+01
1.109764099121093750e+01
1.104106998443603516e+01
1.099614429473876953e+01
1.107077407836914062e+01
1.107672309875488281e+01
1.111863708496093750e+01
1.105409049987792969e+01
1.104402065277099609e+01
1.106682300567626953e+01
1.099088764190673828e+01
1.101183605194091797e+01
1.108452033996582031e+01
1.102112293243408203e+01
1.107223892211914062e+01
1.103455257415771484e+01
1.102390766143798828e+01
1.110237407684326172e+01
1.102814102172851562e+01
1.099294757843017578e+01
1.105195999145507812e+01
1.103167438507080078e+01
1.107175445556640625e+01
1.101599025726318359e+01
1.098957633972167969e+01
1.101460170745849609e+01
1.102570533752441406e+01
1.101833820343017578e+01
1.099991607666015625e+01
1.102052116394042969e+01
1.100408172607421875e+01
1.099942779541015625e+01
1.105748748779296875e+01
1.099496746063232422e+01
1.099167251586914062e+01
1.101702976226806641e+01
1.104049777984619141e+01
1.101150131225585938e+01
1.099210071563720703e+01
1.108892822265625000e+01
1.103300762176513672e+01
1.095580768585205078e+01
1.099559211730957031e+01
1.100662136077880859e+01
1.100988197326660156e+01
1.102888393402099609e+01
1.096702384948730469e+01
1.093782234191894531e+01
1.096855831146240234e+01
1.100259685516357422e+01
1.100409889221191406e+01
1.095437335968017578e+01
1.103917884826660156e+01
1.099839878082275391e+01
1.096436977386474609e+01
1.093948459625244141e+01
1.096756172180175781e+01
1.098307609558105469e+01
1.098311614990234375e+01
1.094707775115966797e+01
1.099164295196533203e+01
1.099188804626464844e+01
1.095479202270507812e+01
1.098141956329345703e+01
1.095633029937744141e+01
1.094373321533203125e+01
1.094887161254882812e+01
1.097281551361083984e+01
1.098404121398925781e+01
1.097596740722656250e+01
1.096122169494628906e+01
1.093812465667724609e+01
1.096135330200195312e+01
1.093026447296142578e+01
1.096233463287353516e+01
1.092345619201660156e+01
1.091522312164306641e+01
1.094261741638183594e+01
1.090296173095703125e+01
1.096403980255126953e+01
1.090127658843994141e+01
1.096287155151367188e+01
1.091801261901855469e+01
1.094096469879150391e+01
1.093667030334472656e+01
1.090694618225097656e+01
1.090918731689453125e+01
1.088803577423095703e+01
1.094021034240722656e+01
1.090570640563964844e+01
1.095528507232666016e+01
1.088628959655761719e+01
1.091398811340332031e+01
1.093078327178955078e+01
1.094093322753906250e+01
1.090395545959472656e+01
1.097916889190673828e+01
1.090193748474121094e+01
1.092580986022949219e+01
1.094565200805664062e+01
1.091920471191406250e+01
1.092211532592773438e+01
1.091811084747314453e+01
1.091061782836914062e+01
1.087387657165527344e+01
1.090077114105224609e+01
1.091398239135742188e+01
1.093566036224365234e+01
1.086293125152587891e+01
1.097773456573486328e+01
1.088478565216064453e+01
1.091108036041259766e+01
1.089596271514892578e+01
1.090653896331787109e+01
1.093466281890869141e+01
1.088184261322021484e+01
1.087612628936767578e+01
1.093142318725585938e+01
1.089588165283203125e+01
1.088677120208740234e+01
1.091347026824951172e+01
1.087620544433593750e+01
1.090552616119384766e+01
1.088637161254882812e+01
1.085680484771728516e+01
1.088932895660400391e+01
1.090429687500000000e+01
1.089558124542236328e+01
1.085788631439208984e+01
1.090951728820800781e+01
1.086439990997314453e+01
1.090119266510009766e+01
1.087328815460205078e+01
1.087354278564453125e+01
1.088032913208007812e+01
1.084668922424316406e+01
1.091201591491699219e+01
1.084250164031982422e+01
1.089857673645019531e+01
1.088310527801513672e+01
1.088593196868896484e+01
1.082870388031005859e+01
1.084357452392578125e+01
1.084624767303466797e+01
1.081156444549560547e+01
1.091025829315185547e+01
1.085877895355224609e+01
1.087135314941406250e+01
1.091143417358398438e+01
1.083710479736328125e+01
1.083478546142578125e+01
1.089182186126708984e+01
1.079593372344970703e+01
1.088352489471435547e+01
1.088994407653808594e+01
1.083270168304443359e+01
1.081677818298339844e+01
1.080640888214111328e+01
1.085691547393798828e+01
1.085070133209228516e+01
1.085008239746093750e+01
1.080911827087402344e+01
1.087110137939453125e+01
1.083277702331542969e+01
1.083408260345458984e+01
1.086075973510742188e+01
1.083757400512695312e+01
1.081748294830322266e+01
1.083590602874755859e+01
1.086194896697998047e+01
1.078468608856201172e+01
1.085285377502441406e+01
1.084800243377685547e+01
1.081879043579101562e+01
1.086648559570312500e+01
1.081250572204589844e+01
1.088317680358886719e+01
1.081407642364501953e+01
1.081808376312255859e+01
1.078379535675048828e+01
1.079809665679931641e+01
1.080317211151123047e+01
1.076476383209228516e+01
1.081831169128417969e+01
1.082515430450439453e+01
1.082473754882812500e+01
1.079808902740478516e+01
1.077809619903564453e+01
1.078522491455078125e+01
1.078548336029052734e+01
1.081353187561035156e+01
1.082385826110839844e+01
1.080085468292236328e+01
1.078168869018554688e+01
1.076607799530029297e+01
1.079830074310302734e+01
1.079275608062744141e+01
1.078762340545654297e+01
1.079721069335937500e+01
1.086649703979492188e+01
1.078923892974853516e+01
1.076778507232666016e+01
1.079986953735351562e+01
1.081779384613037109e+01
1.079267597198486328e+01
1.075196170806884766e+01
1.078651809692382812e+01
1.076710891723632812e+01
1.078330039978027344e+01
1.079615020751953125e+01
1.076721000671386719e+01
1.079522800445556641e+01
1.077061271667480469e+01
1.078518962860107422e+01
1.079082107543945312e+01
1.078928470611572266e+01
1.078239631652832031e+01
1.077722454071044922e+01
1.076327705383300781e+01
1.076770877838134766e+01
1.075553703308105469e+01
1.076977825164794922e+01
1.078213787078857422e+01
1.076201629638671875e+01
1.079261970520019531e+01
1.078233432769775391e+01
1.078231334686279297e+01
1.077380752563476562e+01
1.078676700592041016e+01
1.075211238861083984e+01
1.077361774444580078e+01
1.077281475067138672e+01
1.077224922180175781e+01
1.078788661956787109e+01
1.076835250854492188e+01
1.074514102935791016e+01
1.076873874664306641e+01
1.077052974700927734e+01
1.082379722595214844e+01
1.074528884887695312e+01
1.075614738464355469e+01
1.073913383483886719e+01
1.077050399780273438e+01
1.077858734130859375e+01
1.074378395080566406e+01
1.077138996124267578e+01
1.075931549072265625e+01
1.073512172698974609e+01
1.075555324554443359e+01
1.078593158721923828e+01
1.076726245880126953e+01
1.072532939910888672e+01
1.076247215270996094e+01
1.078060054779052734e+01
1.072300529479980469e+01
1.072298908233642578e+01
1.078057670593261719e+01
1.073432826995849609e+01
1.076957893371582031e+01
1.074648761749267578e+01
1.073005390167236328e+01
1.073040962219238281e+01
1.072761726379394531e+01
1.074815464019775391e+01
1.071052837371826172e+01
1.074434757232666016e+01
1.073877716064453125e+01
1.070734786987304688e+01
1.072259235382080078e+01
1.073642539978027344e+01
1.075039577484130859e+01
1.076659107208251953e+01
1.070432758331298828e+01
1.074338340759277344e+01
1.071681499481201172e+01
1.071193027496337891e+01
1.074639892578125000e+01
1.071367168426513672e+01
1.070591545104980469e+01
1.073844051361083984e+01
1.073884868621826172e+01
1.072063541412353516e+01
1.072642993927001953e+01
1.072966003417968750e+01
1.072282505035400391e+01
1.074381065368652344e+01
1.072676467895507812e+01
1.071447563171386719e+01
1.070108032226562500e+01
1.070324134826660156e+01
1.071061038970947266e+01
1.069591617584228516e+01
1.070088672637939453e+01
1.073697090148925781e+01
1.071969604492187500e+01
1.072637653350830078e+01
1.070233249664306641e+01
1.074107837677001953e+01
1.074813556671142578e+01
1.071325492858886719e+01
1.069850730895996094e+01
1.072395229339599609e+01
1.073716545104980469e+01
1.071773910522460938e+01
1.069007682800292969e+01
1.070168685913085938e+01
1.070721530914306641e+01
1.070823955535888672e+01
1.073426914215087891e+01
1.069093418121337891e+01
1.070948410034179688e+01
1.071869850158691406e+01
1.069863414764404297e+01
1.072461509704589844e+01
1.072091007232666016e+01
1.070815658569335938e+01
1.070644855499267578e+01
1.072006893157958984e+01
1.067661476135253906e+01
1.068159866333007812e+01
1.068613529205322266e+01
1.067733097076416016e+01
1.069678878784179688e+01
1.068405246734619141e+01
1.070260810852050781e+01
1.069176673889160156e+01
1.067204380035400391e+01
1.067947673797607422e+01
1.071600818634033203e+01
1.067078399658203125e+01
1.068611431121826172e+01
1.070444583892822266e+01
1.066381835937500000e+01
1.071993255615234375e+01
1.067300033569335938e+01
1.070352077484130859e+01
1.071233749389648438e+01
1.067231845855712891e+01
1.066426086425781250e+01
1.069078922271728516e+01
1.066347408294677734e+01
1.070314121246337891e+01
1.068471813201904297e+01
1.065264320373535156e+01
1.065848922729492188e+01
1.067249107360839844e+01
1.067406749725341797e+01
1.069653320312500000e+01
1.068614768981933594e+01
1.066504096984863281e+01
1.066942596435546875e+01
1.065891551971435547e+01
1.067380237579345703e+01
1.068439960479736328e+01
1.067765522003173828e+01
1.067986679077148438e+01
1.068585968017578125e+01
1.067376899719238281e+01
1.065377616882324219e+01
1.068436241149902344e+01
1.065186977386474609e+01
1.066567325592041016e+01
1.066981029510498047e+01
1.066694736480712891e+01
1.067428112030029297e+01
1.068167400360107422e+01
1.069508743286132812e+01
1.067626762390136719e+01
1.066065025329589844e+01
1.068618392944335938e+01
1.067796611785888672e+01
1.065152454376220703e+01
1.066551208496093750e+01
1.066357612609863281e+01
1.066300773620605469e+01
1.065593242645263672e+01
1.066561603546142578e+01
1.067263889312744141e+01
1.065736579895019531e+01
1.065137100219726562e+01
1.066997432708740234e+01
1.065592765808105469e+01
1.066138267517089844e+01
1.066310882568359375e+01
1.067698001861572266e+01
1.065484237670898438e+01
1.065722465515136719e+01
1.065866947174072266e+01
1.063637542724609375e+01
1.067122173309326172e+01
1.064832210540771484e+01
1.065601634979248047e+01
1.067389678955078125e+01
1.064171314239501953e+01
1.065027999877929688e+01
1.067112255096435547e+01
1.065629100799560547e+01
1.065323638916015625e+01
1.065488529205322266e+01
1.065073394775390625e+01
1.064755535125732422e+01
1.064801311492919922e+01
1.067049884796142578e+01
