2.322610840201377869e-02
1.250740885734558105e-02
1.163114141672849655e-02
1.070585101842880249e-02
9.363376535475254059e-03
8.570642210543155670e-03
7.607760839164257050e-03
7.161093875765800476e-03
6.776873022317886353e-03
6.646225694566965103e-03
6.175484973937273026e-03
5.825707688927650452e-03
5.951680243015289307e-03
5.799598060548305511e-03
5.185601767152547836e-03
5.264523439109325409e-03
5.293983034789562225e-03
4.933656193315982819e-03
5.047523882240056992e-03
4.952226765453815460e-03
4.613646306097507477e-03
4.741550888866186142e-03
4.623315297067165375e-03
4.426192026585340500e-03
4.454260226339101791e-03
4.296781960874795914e-03
4.342742264270782471e-03
4.244450014084577560e-03
4.259329754859209061e-03
4.058351740241050720e-03
3.912970423698425293e-03
4.049199633300304413e-03
3.922250121831893921e-03
3.856514347717165947e-03
3.976218868046998978e-03
3.585921134799718857e-03
3.837871365249156952e-03
3.584946040064096451e-03
3.655132604762911797e-03
3.379228524863719940e-03
3.701488254591822624e-03
3.501681378111243248e-03
3.420969005674123764e-03
3.271660767495632172e-03
3.394570201635360718e-03
3.242760896682739258e-03
3.163392189890146255e-03
3.393992315977811813e-03
3.210940631106495857e-03
3.259851364418864250e-03
3.098966320976614952e-03
3.026049351319670677e-03
3.157533472403883934e-03
3.173940116539597511e-03
2.935487544164061546e-03
3.083989955484867096e-03
3.170114010572433472e-03
2.827422227710485458e-03
2.832364989444613457e-03
2.892361255362629890e-03
2.935067052021622658e-03
2.886139554902911186e-03
2.953029703348875046e-03
2.689251210540533066e-03
2.990238601341843605e-03
2.770774764940142632e-03
2.822624053806066513e-03
2.657070755958557129e-03
3.005113685503602028e-03
2.475106623023748398e-03
2.709754277020692825e-03
2.638449892401695251e-03
2.683356869965791702e-03
2.714941743761301041e-03
2.535399282351136208e-03
2.572532510384917259e-03
2.660830505192279816e-03
2.521142596378922462e-03
2.591622993350028992e-03
2.295690821483731270e-03
2.551556797698140144e-03
2.437818562611937523e-03
2.458596602082252502e-03
2.459441777318716049e-03
2.595268422737717628e-03
2.525919349864125252e-03
2.350190421566367149e-03
2.301989588886499405e-03
2.434885129332542419e-03
2.565764123573899269e-03
2.109365537762641907e-03
2.431719563901424408e-03
2.305356552824378014e-03
2.215225016698241234e-03
2.290175529196858406e-03
2.531324047595262527e-03
2.091770526021718979e-03
2.324743894860148430e-03
2.234289888292551041e-03
2.251754747703671455e-03
2.096239011734724045e-03
2.378341043367981911e-03
2.196661662310361862e-03
2.190436236560344696e-03
2.211958635598421097e-03
2.088287146762013435e-03
2.129166154190897942e-03
2.115011215209960938e-03
2.207957673817873001e-03
2.028281567618250847e-03
2.034145174548029900e-03
2.223168034106492996e-03
2.011263510212302208e-03
2.248483477160334587e-03
2.120559336617588997e-03
1.951620215550065041e-03
2.092579379677772522e-03
2.187624806538224220e-03
2.127502579241991043e-03
2.033840399235486984e-03
1.986171584576368332e-03
2.019934123381972313e-03
2.247842028737068176e-03
1.814980525523424149e-03
2.139309188351035118e-03
2.072050701826810837e-03
1.929646125063300133e-03
2.028512535616755486e-03
2.025810768827795982e-03
1.942829461768269539e-03
1.960611669346690178e-03
1.959086861461400986e-03
1.909425365738570690e-03
2.044882392510771751e-03
1.888979109935462475e-03
1.833101501688361168e-03
2.065957523882389069e-03
1.838752301409840584e-03
1.920172944664955139e-03
2.123461803421378136e-03
1.681278925389051437e-03
1.935841282829642296e-03
1.878825132735073566e-03
1.797368633560836315e-03
2.010847209021449089e-03
1.914329477585852146e-03
1.761315041221678257e-03
1.722341519780457020e-03
1.726076705381274223e-03
1.911365776322782040e-03
1.855888869613409042e-03
1.659860834479331970e-03
1.789426663890480995e-03
1.926463446579873562e-03
1.642930787056684494e-03
1.769238617271184921e-03
1.852247864007949829e-03
1.864784630015492439e-03
1.559225493110716343e-03
1.814372721128165722e-03
1.599449780769646168e-03
1.836610957980155945e-03
1.784818829037249088e-03
1.800095080398023129e-03
1.770724193193018436e-03
1.492217881605029106e-03
1.644582021981477737e-03
1.708031515590846539e-03
1.663239905610680580e-03
1.645128824748098850e-03
1.712183468043804169e-03
1.681767054833471775e-03
1.612279447726905346e-03
1.522849779576063156e-03
1.625725300982594490e-03
1.685405964963138103e-03
1.535709947347640991e-03
1.552817178890109062e-03
1.809659763239324093e-03
1.487239846028387547e-03
1.568816485814750195e-03
1.683840528130531311e-03
1.410321448929607868e-03
1.625048811547458172e-03
1.507617533206939697e-03
1.624322496354579926e-03
1.670910860411822796e-03
1.533210044726729393e-03
1.541903824545443058e-03
1.643168390728533268e-03
1.634687883779406548e-03
1.407780451700091362e-03
1.571657718159258366e-03
1.441086293198168278e-03
1.633773208595812321e-03
1.454299548640847206e-03
1.656936015933752060e-03
1.338255475275218487e-03
1.520025427453219891e-03
1.521199941635131836e-03
1.456826459616422653e-03
1.513583469204604626e-03
1.592522021383047104e-03
1.444566645659506321e-03
1.555249909870326519e-03
1.341611030511558056e-03
1.519641256891191006e-03
1.370262354612350464e-03
1.461427309550344944e-03
1.520798308774828911e-03
1.412985031493008137e-03
1.428476534783840179e-03
1.547712017782032490e-03
1.393627491779625416e-03
1.337398658506572247e-03
1.602853648364543915e-03
1.306149875745177269e-03
1.583017059601843357e-03
1.293371780775487423e-03
1.271420973353087902e-03
1.564630074426531792e-03
1.362465787678956985e-03
1.405213843099772930e-03
1.333744381554424763e-03
1.476276898756623268e-03
1.381564186885952950e-03
1.318521914072334766e-03
1.352032646536827087e-03
1.473273965530097485e-03
1.336236833594739437e-03
1.490008668042719364e-03
1.297629438340663910e-03
1.366399810649454594e-03
1.438625040464103222e-03
1.236420590430498123e-03
1.384443836286664009e-03
1.367458025924861431e-03
1.271491637453436852e-03
1.376124564558267593e-03
1.450219657272100449e-03
1.352153019979596138e-03
1.360762282274663448e-03
1.259670243598520756e-03
1.319097587838768959e-03
1.244626590050756931e-03
1.373903825879096985e-03
1.331524341367185116e-03
1.217777375131845474e-03
1.288308296352624893e-03
1.228263252414762974e-03
1.368147553876042366e-03
1.330401748418807983e-03
1.260689226910471916e-03
1.367281191051006317e-03
1.220063422806560993e-03
1.159460633061826229e-03
1.338443020358681679e-03
1.276795403100550175e-03
1.224672072567045689e-03
1.303208642639219761e-03
1.242726575583219528e-03
1.350480946712195873e-03
1.208950765430927277e-03
1.209912588819861412e-03
1.270805834792554379e-03
1.240288605913519859e-03
1.180184655822813511e-03
1.219010213389992714e-03
1.198808895424008369e-03
1.264892751350998878e-03
1.225034357048571110e-03
1.103060320019721985e-03
1.260138233192265034e-03
1.234249561093747616e-03
1.177842495962977409e-03
1.345959259197115898e-03
1.165610388852655888e-03
1.212903880514204502e-03
1.137196784839034081e-03
1.213926705531775951e-03
1.187714515253901482e-03
1.192034571431577206e-03
1.064724754542112350e-03
1.192456809803843498e-03
1.236733514815568924e-03
1.244215876795351505e-03
1.135286409407854080e-03
1.220571459271013737e-03
1.130491378717124462e-03
1.147354603745043278e-03
1.161523046903312206e-03
1.149634364992380142e-03
1.092354417778551579e-03
1.222011051140725613e-03
1.142467139288783073e-03
1.081753405742347240e-03
1.151721575297415257e-03
1.203588559292256832e-03
1.134435995481908321e-03
1.114594517275691032e-03
1.100769499316811562e-03
1.139760948717594147e-03
1.070285215973854065e-03
1.155815552920103073e-03
1.004314166493713856e-03
1.080326968804001808e-03
1.137443352490663528e-03
1.094228704459965229e-03
1.089600380510091782e-03
1.101753790862858295e-03
1.200245926156640053e-03
9.372049244120717049e-04
1.045831013470888138e-03
1.183123909868299961e-03
1.070896396413445473e-03
1.043914351612329483e-03
1.067355042323470116e-03
9.956663707271218300e-04
1.044783042743802071e-03
1.228696084581315517e-03
1.037177164107561111e-03
1.071419916115701199e-03
1.062877010554075241e-03
1.022058771923184395e-03
9.757146472111344337e-04
1.126102753914892673e-03
9.685827535577118397e-04
9.759271051734685898e-04
1.105632982216775417e-03
1.070090453140437603e-03
1.067705336026847363e-03
1.022086362354457378e-03
1.035387278534471989e-03
1.028825063258409500e-03
9.718171786516904831e-04
1.019187388010323048e-03
1.100562512874603271e-03
9.183590882457792759e-04
1.089316792786121368e-03
1.029046252369880676e-03
1.033219974488019943e-03
9.710302692838013172e-04
1.149247749708592892e-03
9.394945227541029453e-04
9.632056462578475475e-04
1.006864011287689209e-03
9.751563193276524544e-04
1.066336408257484436e-03
1.077006105333566666e-03
8.309325203299522400e-04
9.169941185973584652e-04
1.070043188519775867e-03
9.265067637898027897e-04
9.992667473852634430e-04
1.058641122654080391e-03
9.129915852099657059e-04
9.526352514512836933e-04
9.375074878334999084e-04
1.079131499864161015e-03
9.327015141025185585e-04
1.002193079330027103e-03
9.433492668904364109e-04
9.175912127830088139e-04
9.830226190388202667e-04
9.512942051514983177e-04
1.003476092591881752e-03
1.026976970024406910e-03
9.625754901207983494e-04
8.668313967064023018e-04
8.958040853030979633e-04
1.044855918735265732e-03
8.799721836112439632e-04
1.018703449517488480e-03
9.196931496262550354e-04
9.386832825839519501e-04
9.417481487616896629e-04
9.277024655602872372e-04
9.055216796696186066e-04
8.768456173129379749e-04
9.523673797957599163e-04
8.841852541081607342e-04
9.153211140073835850e-04
1.011794665828347206e-03
1.020801020786166191e-03
9.166175150312483311e-04
9.135869331657886505e-04
8.394323522225022316e-04
9.256114135496318340e-04
8.766555110923945904e-04
8.709712419658899307e-04
9.203331428579986095e-04
8.787827100604772568e-04
1.017215196043252945e-03
9.487115312367677689e-04
8.615662227384746075e-04
8.555219392292201519e-04
9.232541196979582310e-04
8.684201748110353947e-04
8.289148099720478058e-04
8.900133543647825718e-04
8.965309243649244308e-04
9.116976289078593254e-04
7.710754289291799068e-04
8.813083404675126076e-04
9.114709682762622833e-04
8.732412243261933327e-04
8.577093249186873436e-04
8.608001517131924629e-04
8.731209672987461090e-04
8.383964304812252522e-04
8.181848097592592239e-04
9.089432423934340477e-04
8.592483354732394218e-04
8.606139454059302807e-04
8.273629355244338512e-04
8.318765903823077679e-04
8.795011672191321850e-04
9.139528847299516201e-04
8.532535284757614136e-04
8.045252179726958275e-04
8.524138247594237328e-04
8.395000477321445942e-04
7.949878927320241928e-04
8.848407887853682041e-04
8.253321866504848003e-04
8.198980940505862236e-04
8.909215684980154037e-04
8.098278194665908813e-04
8.139336132444441319e-04
8.307948592118918896e-04
8.446805295534431934e-04
8.093786891549825668e-04
9.292747126892209053e-04
7.530114962719380856e-04
7.564341649413108826e-04
8.056449005380272865e-04
8.079953258857131004e-04
8.553708321414887905e-04
7.744294707663357258e-04
7.643927237950265408e-04
8.116418612189590931e-04
7.930548163130879402e-04
8.653883705846965313e-04
8.360294159501791000e-04
7.776463171467185020e-04
7.707987097091972828e-04
8.255707798525691032e-04
7.887263782322406769e-04
7.701694266870617867e-04
8.098852704279124737e-04
7.801192114129662514e-04
7.734362152405083179e-04
8.137133554555475712e-04
7.915323367342352867e-04
7.992981700226664543e-04
7.911436259746551514e-04
7.685578311793506145e-04
8.313416619785130024e-04
7.515766192227602005e-04
7.636109367012977600e-04
7.515738252550363541e-04
7.835255819372832775e-04
8.128143381327390671e-04
7.710991776548326015e-04
7.415390573441982269e-04
7.874814909882843494e-04
8.030034368857741356e-04
7.251636707223951817e-04
7.501929649151861668e-04
7.685513119213283062e-04
7.690707570873200893e-04
7.743627065792679787e-04
7.110699662007391453e-04
7.845761720091104507e-04
7.600638200528919697e-04
7.351337699219584465e-04
7.319016149267554283e-04
7.232272182591259480e-04
7.245707674883306026e-04
7.524909451603889465e-04
7.269902853295207024e-04
7.632959168404340744e-04
7.433728897012770176e-04
7.486307295039296150e-04
7.155102794058620930e-04
7.593019981868565083e-04
7.639275863766670227e-04
6.875521503388881683e-04
8.032655459828674793e-04
6.776952068321406841e-04
7.832651026546955109e-04
7.906961254775524139e-04
6.779885734431445599e-04
7.623624987900257111e-04
7.112157181836664677e-04
7.100151851773262024e-04
7.026133243925869465e-04
7.639833493158221245e-04
6.580238114111125469e-04
6.826174212619662285e-04
7.527364068664610386e-04
6.809104233980178833e-04
7.345552439801394939e-04
7.234634249471127987e-04
7.348508224822580814e-04
7.196961087174713612e-04
7.130817975848913193e-04
6.369774928316473961e-04
7.091956213116645813e-04
7.683082949370145798e-04
6.873655947856605053e-04
7.561690872535109520e-04
6.580952322110533714e-04
6.798215908929705620e-04
7.267724140547215939e-04
6.707184948027133942e-04
6.833290681242942810e-04
6.836324464529752731e-04
7.196198566816747189e-04
6.750753964297473431e-04
6.712903850711882114e-04
6.892916280776262283e-04
6.842670845799148083e-04
7.120919181033968925e-04
6.975610158406198025e-04
6.789243197999894619e-04
6.392709910869598389e-04
6.934124976396560669e-04
6.805541925132274628e-04
6.696119089610874653e-04
6.415433599613606930e-04
7.010902045294642448e-04
6.475503905676305294e-04
6.884397589601576328e-04
6.665573455393314362e-04
6.946303765289485455e-04
6.505645578727126122e-04
6.610563141293823719e-04
7.083035889081656933e-04
6.437802221626043320e-04
6.717513315379619598e-04
6.831819773651659489e-04
6.425172905437648296e-04
6.265452830120921135e-04
6.681554950773715973e-04
6.384733133018016815e-04
6.772099295631051064e-04
6.461181910708546638e-04
6.412325892597436905e-04
6.444567698054015636e-04
7.036502938717603683e-04
6.085927016101777554e-04
6.473941029980778694e-04
6.370389019139111042e-04
6.940557505004107952e-04
6.023333407938480377e-04
6.407073815353214741e-04
6.175048183649778366e-04
6.642170483246445656e-04
6.043640896677970886e-04
7.035270682536065578e-04
6.446733023039996624e-04
6.357552483677864075e-04
6.046133348718285561e-04
6.326985894702374935e-04
6.546835065819323063e-04
6.546184886246919632e-04
6.521281902678310871e-04
6.354966317303478718e-04
6.036320119164884090e-04
6.447681225836277008e-04
6.055520498193800449e-04
6.406194297596812248e-04
6.018799031153321266e-04
6.291051395237445831e-04
6.135874427855014801e-04
6.351880147121846676e-04
6.391948554664850235e-04
6.222991505637764931e-04
6.391368224285542965e-04
6.007027695886790752e-04
6.215376779437065125e-04
6.202323129400610924e-04
5.817991914227604866e-04
6.355186924338340759e-04
6.333751953206956387e-04
5.674664280377328396e-04
6.225860561244189739e-04
6.276682834140956402e-04
6.347203743644058704e-04
5.945274606347084045e-04
5.967401666566729546e-04
6.106350920163094997e-04
5.792441661469638348e-04
6.072231917642056942e-04
6.114722928032279015e-04
6.001553265377879143e-04
5.850071902386844158e-04
6.128840614110231400e-04
5.919202812947332859e-04
6.203395896591246128e-04
5.737496539950370789e-04
5.723725771531462669e-04
5.986882606521248817e-04
6.300732493400573730e-04
5.776167963631451130e-04
6.299926899373531342e-04
5.778291961178183556e-04
5.989141645841300488e-04
5.564752500504255295e-04
5.926707526668906212e-04
5.986472242511808872e-04
6.036785198375582695e-04
5.778713966719806194e-04
5.979823181405663490e-04
5.858650547452270985e-04
5.877246148884296417e-04
5.818179342895746231e-04
5.626705242320895195e-04
6.025853799656033516e-04
5.544595769606530666e-04
5.599862779490649700e-04
5.803323001600801945e-04
5.769878625869750977e-04
5.430362652987241745e-04
6.155471201054751873e-04
5.561379366554319859e-04
6.050667143426835537e-04
5.687032826244831085e-04
5.609165527857840061e-04
6.049994844943284988e-04
5.816858611069619656e-04
5.516447708941996098e-04
5.638329312205314636e-04
5.890617030672729015e-04
5.548479966819286346e-04
5.498333484865725040e-04
5.808376008644700050e-04
5.774120218120515347e-04
5.410498706623911858e-04
5.449339514598250389e-04
6.029192009009420872e-04
5.275598377920687199e-04
5.798410275019705296e-04
6.033912650309503078e-04
5.321525968611240387e-04
5.569885252043604851e-04
5.484998691827058792e-04
5.676978034898638725e-04
5.393116734921932220e-04
5.695826257579028606e-04
5.367519916035234928e-04
5.735742743127048016e-04
5.391096929088234901e-04
5.577994743362069130e-04
5.510831251740455627e-04
5.728691467083990574e-04
5.161750596016645432e-04
5.632357206195592880e-04
5.263143684715032578e-04
5.419036024250090122e-04
5.395769258029758930e-04
5.332190776243805885e-04
5.498257232829928398e-04
5.373299936763942242e-04
5.317194154486060143e-04
5.418611690402030945e-04
5.430270102806389332e-04
5.414914921857416630e-04
5.654126871377229691e-04
5.411367164924740791e-04
5.581988370977342129e-04
5.356896435841917992e-04
5.326780374161899090e-04
5.336998729035258293e-04
5.607237690128386021e-04
5.566556937992572784e-04
5.098393303342163563e-04
5.299926269799470901e-04
5.601748125627636909e-04
5.029760068282485008e-04
5.335502210073173046e-04
5.355487228371202946e-04
5.651543033309280872e-04
5.140639841556549072e-04
5.149816279299557209e-04
5.159078282304108143e-04
5.338657647371292114e-04
5.331536522135138512e-04
5.185527843423187733e-04
5.072885542176663876e-04
5.084066069684922695e-04
5.198367871344089508e-04
5.045063444413244724e-04
5.057877860963344574e-04
5.201628664508461952e-04
5.515046650543808937e-04
4.917979822494089603e-04
5.286767263896763325e-04
5.388482823036611080e-04
5.178664578124880791e-04
5.101083079352974892e-04
5.119766574352979660e-04
5.021253018639981747e-04
5.267388769425451756e-04
5.398077191784977913e-04
4.869106051046401262e-04
5.280813202261924744e-04
5.043263663537800312e-04
4.828519013244658709e-04
5.640081944875419140e-04
4.822708433493971825e-04
4.969590809196233749e-04
4.933060263283550739e-04
5.168875795789062977e-04
4.892402212135493755e-04
5.049731116741895676e-04
4.957516794092953205e-04
5.036137881688773632e-04
4.991654423065483570e-04
4.964396357536315918e-04
5.001501413062214851e-04
5.027285660617053509e-04
4.876897437497973442e-04
5.245468346402049065e-04
4.882442299276590347e-04
4.953641910105943680e-04
4.909349954687058926e-04
4.805581993423402309e-04
4.935929900966584682e-04
4.942871746607124805e-04
4.784453776665031910e-04
4.866837407462298870e-04
5.207108915783464909e-04
4.964034887962043285e-04
4.884953377768397331e-04
4.870813863817602396e-04
4.852181882597506046e-04
4.838435561396181583e-04
4.956168122589588165e-04
4.961843951605260372e-04
4.941517254337668419e-04
4.790136299561709166e-04
5.079831462353467941e-04
4.909704439342021942e-04
4.896812024526298046e-04
4.709266358986496925e-04
4.851961857639253139e-04
4.704886232502758503e-04
4.641795239876955748e-04
4.775834386236965656e-04
4.894479643553495407e-04
4.816963337361812592e-04
4.907996044494211674e-04
4.728325002361088991e-04
4.811398684978485107e-04
4.941903171129524708e-04
4.567806608974933624e-04
4.827765224035829306e-04
4.758714931085705757e-04
4.652575298678129911e-04
4.679255071096122265e-04
4.680331039708107710e-04
4.869862459599971771e-04
4.710057692136615515e-04
4.619222891051322222e-04
4.869733238592743874e-04
4.638964310288429260e-04
4.726555198431015015e-04
4.953799652867019176e-04
4.721857258118689060e-04
4.548648139461874962e-04
4.731165536213666201e-04
4.626069858204573393e-04
4.662627179641276598e-04
4.703141166828572750e-04
4.523267853073775768e-04
4.739266878459602594e-04
4.517070774454623461e-04
4.823988419957458973e-04
4.633837961591780186e-04
4.535288899205625057e-04
4.769009829033166170e-04
4.553236067295074463e-04
4.694422823376953602e-04
4.639566468540579081e-04
4.769101506099104881e-04
4.569206503219902515e-04
4.549467121250927448e-04
4.570747551042586565e-04
4.586783761624246836e-04
4.587053554132580757e-04
4.868481482844799757e-04
4.595957871060818434e-04
4.644836299121379852e-04
4.752471577376127243e-04
4.498133203014731407e-04
4.547867574729025364e-04
4.589061136357486248e-04
4.595287609845399857e-04
4.613960918504744768e-04
4.503867821767926216e-04
4.476475296542048454e-04
4.510357975959777832e-04
4.490191349759697914e-04
4.603643028531223536e-04
4.664202861022204161e-04
4.445880185812711716e-04
4.372614494059234858e-04
4.522028029896318913e-04
4.507186822593212128e-04
4.483935190364718437e-04
4.408582753967493773e-04
4.418127937242388725e-04
4.480251518543809652e-04
4.245677846483886242e-04
4.448737308848649263e-04
4.644856380764394999e-04
4.514620522968471050e-04
4.461560456547886133e-04
4.417737654875963926e-04
4.378588055260479450e-04
4.355820710770785809e-04
4.499347705859690905e-04
4.387059307191520929e-04
4.404449427966028452e-04
4.388107336126267910e-04
4.546545969787985086e-04
4.435358569025993347e-04
4.386581713333725929e-04
4.290295473765581846e-04
4.462559591047465801e-04
4.257741384208202362e-04
4.305188776925206184e-04
4.539824149105697870e-04
4.396408039610832930e-04
4.350428644102066755e-04
4.310728982090950012e-04
4.341375606600195169e-04
4.258349654264748096e-04
4.394298885017633438e-04
4.352842806838452816e-04
4.516827757470309734e-04
4.359844024293124676e-04
4.492627049330621958e-04
4.235204251017421484e-04
4.276435647625476122e-04
4.260849382262676954e-04
4.258684930391609669e-04
4.359169106464833021e-04
4.354436823632568121e-04
4.359768645372241735e-04
4.221291746944189072e-04
4.262555739842355251e-04
4.288505006115883589e-04
4.233441140968352556e-04
4.366462817415595055e-04
4.206738667562603951e-04
4.145167185924947262e-04
4.292748926673084497e-04
4.165325372014194727e-04
4.258796398062258959e-04
4.323412140365689993e-04
4.132592293899506330e-04
4.209263424854725599e-04
4.242825671099126339e-04
4.222998977638781071e-04
4.124018305446952581e-04
4.276312247384339571e-04
4.193669010419398546e-04
4.266609030310064554e-04
4.144318518228828907e-04
4.275938263162970543e-04
4.265950992703437805e-04
4.201589617878198624e-04
4.206107405479997396e-04
4.230440536048263311e-04
4.035398596897721291e-04
4.158415831625461578e-04
4.237079701852053404e-04
4.177115333732217550e-04
4.232955106999725103e-04
4.199340764898806810e-04
4.069014103151857853e-04
4.075751639902591705e-04
4.148118314333260059e-04
4.110660520382225513e-04
4.084954853169620037e-04
4.140163364354521036e-04
4.114513285458087921e-04
4.088594578206539154e-04
4.166864964645355940e-04
4.038194892928004265e-04
4.255428211763501167e-04
4.172466287855058908e-04
4.036898317281156778e-04
4.224301956128329039e-04
4.158066585659980774e-04
4.081026709172874689e-04
4.075176548212766647e-04
4.175357462372630835e-04
4.096850170753896236e-04
4.087481647729873657e-04
4.084389365743845701e-04
4.081403603777289391e-04
4.116077616345137358e-04
4.066639812663197517e-04
4.028670373372733593e-04
4.145104612689465284e-04
4.040035710204392672e-04
4.155040951445698738e-04
3.989555989392101765e-04
4.019431944470852613e-04
4.012095450889319181e-04
4.015788144897669554e-04
4.003865178674459457e-04
4.051593132317066193e-04
4.095503827556967735e-04
4.008381802123039961e-04
4.049842536915093660e-04
4.082811647094786167e-04
3.993132268078625202e-04
3.981525660492479801e-04
4.057707847096025944e-04
4.050300049129873514e-04
4.084549436811357737e-04
4.034250450786203146e-04
3.958749875891953707e-04
3.977895248681306839e-04
4.066370020154863596e-04
4.068685811944305897e-04
3.978401946369558573e-04
3.948657540604472160e-04
3.894206893164664507e-04
3.948888333979994059e-04
3.979335597250610590e-04
3.982079215347766876e-04
3.951788821723312140e-04
3.999303444288671017e-04
3.942222392652183771e-04
3.921283059753477573e-04
3.972081758547574282e-04
3.975385043304413557e-04
3.964715870097279549e-04
3.977392043452709913e-04
3.940957540180534124e-04
3.952982369810342789e-04
3.971145197283476591e-04
3.912627871613949537e-04
3.817851538769900799e-04
3.965866635553538799e-04
3.992095880676060915e-04
3.848580818157643080e-04
3.940344322472810745e-04
3.859575081150978804e-04
3.893988614436239004e-04
3.933922562282532454e-04
3.887413186021149158e-04
3.850044449791312218e-04
3.897173155564814806e-04
3.824448212981224060e-04
4.010394623037427664e-04
3.816370153799653053e-04
3.873126988764852285e-04
3.938206355087459087e-04
3.879850555676966906e-04
3.978551831096410751e-04
3.814656229224056005e-04
3.849379136227071285e-04
3.817486576735973358e-04
3.931575629394501448e-04
3.849779313895851374e-04
3.803948056884109974e-04
3.761823463719338179e-04
3.758671809919178486e-04
3.878263232763856649e-04
3.873804525937885046e-04
3.809526388067752123e-04
3.896235139109194279e-04
3.950411046389490366e-04
3.776556404773145914e-04
3.828789922408759594e-04
3.776123339775949717e-04
3.872308298014104366e-04
3.828005574177950621e-04
3.839038545265793800e-04
3.862622543238103390e-04
3.764361899811774492e-04
3.857112897094339132e-04
3.766064473893493414e-04
3.779907128773629665e-04
3.830027999356389046e-04
3.823587030638009310e-04
3.789999755099415779e-04
3.670925798360258341e-04
3.812182112596929073e-04
3.851386718451976776e-04
3.746674337889999151e-04
3.859743010252714157e-04
3.783758438657969236e-04
3.814241208601742983e-04
3.788549802266061306e-04
3.778276732191443443e-04
3.790445334743708372e-04
3.753929049707949162e-04
3.764274006243795156e-04
3.692589816637337208e-04
3.760130493901669979e-04
3.801463462878018618e-04
3.768389869946986437e-04
3.727360453922301531e-04
3.791322233155369759e-04
3.810872149188071489e-04
3.762432024814188480e-04
3.761366824619472027e-04
3.683578106574714184e-04
3.746425500139594078e-04
3.731694596353918314e-04
3.646269906312227249e-04
3.750429896172136068e-04
3.685761766973882914e-04
3.789155452977865934e-04
3.688068536575883627e-04
3.740820393431931734e-04
3.822506696451455355e-04
3.694431798066943884e-04
3.728932933881878853e-04
3.678339999169111252e-04
3.767780726775527000e-04
3.722065885085612535e-04
3.667827986646443605e-04
3.701864916365593672e-04
3.727867733687162399e-04
3.626580873969942331e-04
3.723063564393669367e-04
3.689781879074871540e-04
3.707422874867916107e-04
3.587836981751024723e-04
3.714142658282071352e-04
3.689453587867319584e-04
3.657976048998534679e-04
3.713373735081404448e-04
3.676376363728195429e-04
3.668399003800004721e-04
3.653432650025933981e-04
3.619280178099870682e-04
3.636062319856137037e-04
3.678518114611506462e-04
3.634776221588253975e-04
3.684317052830010653e-04
3.623075317591428757e-04
3.642780939117074013e-04
3.672144084703177214e-04
3.613081353250890970e-04
3.665889089461416006e-04
3.631699655670672655e-04
3.661110240500420332e-04
3.619239432737231255e-04
3.682687238324433565e-04
3.660258371382951736e-04
3.654675674624741077e-04
3.603656659834086895e-04
3.631915024016052485e-04
3.635040193330496550e-04
3.627892292570322752e-04
3.596141177695244551e-04
3.693890757858753204e-04
3.567966050468385220e-04
3.646395343821495771e-04
3.589487459976226091e-04
3.657389315776526928e-04
3.543190541677176952e-04
3.568410756997764111e-04
3.596534370444715023e-04
3.558107418939471245e-04
3.659233334474265575e-04
3.530616813804954290e-04
3.607943363022059202e-04
3.588478139135986567e-04
3.555766597855836153e-04
3.588604740798473358e-04
3.593531437218189240e-04
3.534670686349272728e-04
3.613446897361427546e-04
3.536576114129275084e-04
3.579552867449820042e-04
3.631867875810712576e-04
3.530440444592386484e-04
3.559851320460438728e-04
3.562171186786144972e-04
3.575523151084780693e-04
3.575645678211003542e-04
3.566982923075556755e-04
3.561229968909174204e-04
3.548654494807124138e-04
3.527789376676082611e-04
3.564410726539790630e-04
3.526295186020433903e-04
3.550889377947896719e-04
3.572941932361572981e-04
3.555795410647988319e-04
3.557685413397848606e-04
3.570963745005428791e-04
3.509246744215488434e-04
3.550650144461542368e-04
3.517644945532083511e-04
3.515435673762112856e-04
3.528288216330111027e-04
3.521155158523470163e-04
3.464977489784359932e-04
3.563299251254647970e-04
3.542947524692863226e-04
3.505050553940236568e-04
3.475398698356002569e-04
3.492246032692492008e-04
3.548141394276171923e-04
3.502291510812938213e-04
3.560376062523573637e-04
3.457442508079111576e-04
3.522724437061697245e-04
3.499351150821894407e-04
3.524921485222876072e-04
3.547551750671118498e-04
3.483896434772759676e-04
3.480248851701617241e-04
3.500148013699799776e-04
3.554775903467088938e-04
3.511204267852008343e-04
3.445550100877881050e-04
3.505725180730223656e-04
3.475472622085362673e-04
3.514745039865374565e-04
3.462887252680957317e-04
3.522240440361201763e-04
3.501166647765785456e-04
3.438554704189300537e-04
3.499520535115152597e-04
3.462724853307008743e-04
3.445461043156683445e-04
3.475644334685057402e-04
3.449462528806179762e-04
3.460186126176267862e-04
3.513785777613520622e-04
3.471967356745153666e-04
3.471220843493938446e-04
3.472047101240605116e-04
3.432867815718054771e-04
3.446729388087987900e-04
3.463210305199027061e-04
3.463429166004061699e-04
3.483539621811360121e-04
3.431267105042934418e-04
3.462442837189882994e-04
3.472567768767476082e-04
3.453885146882385015e-04
3.436585247982293367e-04
3.439037536736577749e-04
3.443484893068671227e-04
3.418487322051078081e-04
3.452314704190939665e-04
3.443548048380762339e-04
3.473962715361267328e-04
3.420719585847109556e-04
3.439602442085742950e-04
3.399199922569096088e-04
3.476569545455276966e-04
3.406950272619724274e-04
3.415055398363620043e-04
3.426995535846799612e-04
3.416255640331655741e-04
3.449788782745599747e-04
3.416286490391939878e-04
3.389212943147867918e-04
3.402142319828271866e-04
3.408143529668450356e-04
3.434294776525348425e-04
3.420661087147891521e-04
3.417918924242258072e-04
3.437145496718585491e-04
3.367048338986933231e-04
3.404039598535746336e-04
3.383457078598439693e-04
3.430370416026562452e-04
3.391761274542659521e-04
3.367164754308760166e-04
3.419939894229173660e-04
3.421595320105552673e-04
3.387547330930829048e-04
3.415836836211383343e-04
3.387037140782922506e-04
3.373932559043169022e-04
3.389100020285695791e-04
3.397398686502128839e-04
3.383630537427961826e-04
3.420425928197801113e-04
3.393995575606822968e-04
3.368002653587609529e-04
3.409890341572463512e-04
3.371509956195950508e-04
3.357333480380475521e-04
3.391885547898709774e-04
3.371576021891087294e-04
3.365238662809133530e-04
3.361615526955574751e-04
3.382079885341227055e-04
3.396764514036476612e-04
3.368821635376662016e-04
3.348955942783504725e-04
3.424981550779193640e-04
3.380459093023091555e-04
3.363117866683751345e-04
3.401323629077523947e-04
3.362869611009955406e-04
3.358440008014440536e-04
3.334009379614144564e-04
3.385481832083314657e-04
3.356168745085597038e-04
3.373721847310662270e-04
3.325584111735224724e-04
3.369594924151897430e-04
3.341498377267271280e-04
3.351254272274672985e-04
3.364920557942241430e-04
3.359291877131909132e-04
3.327592858113348484e-04
3.360927221365272999e-04
3.342177078593522310e-04
3.332460764795541763e-04
3.354870714247226715e-04
3.325024154037237167e-04
3.316713846288621426e-04
3.340345865581184626e-04
3.341429692227393389e-04
3.370091726537793875e-04
3.354981890879571438e-04
3.318611124996095896e-04
3.374208754394203424e-04
3.346265293657779694e-04
3.337298985570669174e-04
3.339666582178324461e-04
3.309371822979301214e-04
3.330541367176920176e-04
3.327774174977093935e-04
3.317279042676091194e-04
3.345480945426970720e-04
3.349634353071451187e-04
3.316017100587487221e-04
3.323188866488635540e-04
3.340312687214463949e-04
3.312244953121989965e-04
3.311662003397941589e-04
3.317115770187228918e-04
3.327135345898568630e-04
3.304836282040923834e-04
3.291629545856267214e-04
3.311919863335788250e-04
3.308331361040472984e-04
3.280278760939836502e-04
3.269794106017798185e-04
3.306092403363436460e-04
3.289302985649555922e-04
3.298423835076391697e-04
3.304805723018944263e-04
3.297614748589694500e-04
3.316718211863189936e-04
3.279506927356123924e-04
3.297999210190027952e-04
3.318807575851678848e-04
3.272579633630812168e-04
3.295761998742818832e-04
3.290823369752615690e-04
3.273606125731021166e-04
3.257844073232263327e-04
3.303887497168034315e-04
3.289277956355363131e-04
3.311460895929485559e-04
3.285541315563023090e-04
3.270107263233512640e-04
3.312839544378221035e-04
3.283039550296962261e-04
3.268123255111277103e-04
3.277345676906406879e-04
3.258557699155062437e-04
3.278905933257192373e-04
3.270008019171655178e-04
3.293344634585082531e-04
3.276474890299141407e-04
3.286231658421456814e-04
3.297234652563929558e-04
3.276470815762877464e-04
3.255839110352098942e-04
3.273750480730086565e-04
3.273865440860390663e-04
3.281925746705383062e-04
3.268313012085855007e-04
3.271349123679101467e-04
3.302703553345054388e-04
3.240398364141583443e-04
3.313584602437913418e-04
3.255911287851631641e-04
3.250459558330476284e-04
3.233042370993643999e-04
3.262766695115715265e-04
3.241934755351394415e-04
3.270869783591479063e-04
3.232592425774782896e-04
3.263470716774463654e-04
3.238671051803976297e-04
3.240481310058385134e-04
3.255954361520707607e-04
3.244424297008663416e-04
3.223155217710882425e-04
3.233345341868698597e-04
3.241215308662503958e-04
3.269932640250772238e-04
3.236530756112188101e-04
3.246839914936572313e-04
3.247382410336285830e-04
3.230173897463828325e-04
3.243491810280829668e-04
3.238842182327061892e-04
3.260383673477917910e-04
3.237446944694966078e-04
3.233915485907346010e-04
3.251855087000876665e-04
3.220648504793643951e-04
3.259514051023870707e-04
3.234142786823213100e-04
3.224121464882045984e-04
3.248878638260066509e-04
3.233582538086920977e-04
3.251117886975407600e-04
3.227224806323647499e-04
3.237033088225871325e-04
3.229325520806014538e-04
3.235448384657502174e-04
3.232287999708205462e-04
3.207247355021536350e-04
3.238638455513864756e-04
3.216356271877884865e-04
3.216552140656858683e-04
3.224409010726958513e-04
3.231738810427486897e-04
3.243947867304086685e-04
3.212139999959617853e-04
3.208496491424739361e-04
3.215309116058051586e-04
3.235612239222973585e-04
3.213052696082741022e-04
3.196252800989896059e-04
3.223211097065359354e-04
3.201296785846352577e-04
3.215712786186486483e-04
3.189853741787374020e-04
3.192580188624560833e-04
3.199724596925079823e-04
3.204518870916217566e-04
3.213344607502222061e-04
3.218459314666688442e-04
3.194956807419657707e-04
3.225410473532974720e-04
3.199090715497732162e-04
3.207747649867087603e-04
3.202247899025678635e-04
3.208956331945955753e-04
3.209736605640500784e-04
3.187651454936712980e-04
3.208285779692232609e-04
3.181501233484596014e-04
3.237737691961228848e-04
3.206853580195456743e-04
3.204529639333486557e-04
3.206370165571570396e-04
3.194430901203304529e-04
3.196305769961327314e-04
3.198069171048700809e-04
3.195476310793310404e-04
3.199189668521285057e-04
3.187254187650978565e-04
3.192964650224894285e-04
3.195640165358781815e-04
3.180045750923454762e-04
3.201260406058281660e-04
3.207765112165361643e-04
3.165668458677828312e-04
3.185866517014801502e-04
3.192512376699596643e-04
3.195491153746843338e-04
3.189586568623781204e-04
3.169173432979732752e-04
3.184651432093232870e-04
3.182293439749628305e-04
3.169286646880209446e-04
3.177984908688813448e-04
3.162483917549252510e-04
3.191313298884779215e-04
3.186041431035846472e-04
3.168578259646892548e-04
3.195634053554385900e-04
3.171979333274066448e-04
3.168279363308101892e-04
3.175270394422113895e-04
3.170322452206164598e-04
3.168129769619554281e-04
3.173284931108355522e-04
3.156757156830281019e-04
3.177173202857375145e-04
3.179807681590318680e-04
3.165270900353789330e-04
3.182750951964408159e-04
3.164256922900676727e-04
3.176378086209297180e-04
3.164875670336186886e-04
3.154029836878180504e-04
3.166235110256820917e-04
3.159021725878119469e-04
3.197600308340042830e-04
3.177984617650508881e-04
3.157632309012115002e-04
3.161742060910910368e-04
3.167522663716226816e-04
3.164687659591436386e-04
3.158242325298488140e-04
3.163315122947096825e-04
3.182093496434390545e-04
3.167518298141658306e-04
3.155957965645939112e-04
3.166545357089489698e-04
3.162792127113789320e-04
3.157042665407061577e-04
3.144537040498107672e-04
3.179601044394075871e-04
3.158290346618741751e-04
3.157895989716053009e-04
3.161303466185927391e-04
3.157731553073972464e-04
3.140590852126479149e-04
3.163983346894383430e-04
3.132878046017140150e-04
3.145281225442886353e-04
3.158684994559735060e-04
3.151214041281491518e-04
3.146209346596151590e-04
3.146114759147167206e-04
3.137675812467932701e-04
3.150314441882073879e-04
3.136313753202557564e-04
3.144627553410828114e-04
3.137628664262592793e-04
3.151061246171593666e-04
3.141871711704879999e-04
3.135713632218539715e-04
3.166481619700789452e-04
3.127734235022217035e-04
3.138009342364966869e-04
3.123593633063137531e-04
3.142703790217638016e-04
3.136835293844342232e-04
3.142914792988449335e-04
3.122486232314258814e-04
3.131184785161167383e-04
3.139234613627195358e-04
3.139555046800523996e-04
3.125581715721637011e-04
3.129952528979629278e-04
3.145358932670205832e-04
3.123399510513991117e-04
3.126911469735205173e-04
3.135821607429534197e-04
3.124535724055022001e-04
3.131397243123501539e-04
3.121318877674639225e-04
3.134042490273714066e-04
3.133856516797095537e-04
3.125872462987899780e-04
3.129264805465936661e-04
3.129269462078809738e-04
3.132594865746796131e-04
3.122669877484440804e-04
3.110443649347871542e-04
3.120782785117626190e-04
3.128324751742184162e-04
3.129728720523416996e-04
3.112349077127873898e-04
3.124345967080444098e-04
3.118411987088620663e-04
3.137794265057891607e-04
3.111665428150445223e-04
3.124604700133204460e-04
3.114082792308181524e-04
3.121967602055519819e-04
3.117848536930978298e-04
3.114583960268646479e-04
3.105447685811668634e-04
3.109821991529315710e-04
3.114277787972241640e-04
3.109018434770405293e-04
3.114058927167207003e-04
3.120416367892175913e-04
3.118492895737290382e-04
3.099770983681082726e-04
3.104640345554798841e-04
3.109762910753488541e-04
3.131198172923177481e-04
3.100270405411720276e-04
3.127386153209954500e-04
3.103144699707627296e-04
3.099433961324393749e-04
3.098835877608507872e-04
3.100310277659446001e-04
3.106548392679542303e-04
3.117355227004736662e-04
3.114280407316982746e-04
3.103379276581108570e-04
3.113384882453829050e-04
3.096173750236630440e-04
3.105205250903964043e-04
3.101932525169104338e-04
3.100913600064814091e-04
3.097337030339986086e-04
3.101045440416783094e-04
3.110258257947862148e-04
3.102809714619070292e-04
3.099151363130658865e-04
3.099587629549205303e-04
3.099350724369287491e-04
3.099777968600392342e-04
3.110243123956024647e-04
3.090633836109191179e-04
3.091257531195878983e-04
3.094571002293378115e-04
3.086407668888568878e-04
3.107178490608930588e-04
3.101240727119147778e-04
3.107361553702503443e-04
3.090782265644520521e-04
3.093505802098661661e-04
3.095272986683994532e-04
3.100768954027444124e-04
3.103099879808723927e-04
3.083950723521411419e-04
3.098485758528113365e-04
3.088059893343597651e-04
3.102222399320453405e-04
3.101489564869552851e-04
3.092573897447437048e-04
3.090622194577008486e-04
3.085419884882867336e-04
3.093880368396639824e-04
3.091147809755057096e-04
3.087570075877010822e-04
3.090920217800885439e-04
3.084667841903865337e-04
3.089256351813673973e-04
3.086630022153258324e-04
3.082093608099967241e-04
3.088627709075808525e-04
3.083578776568174362e-04
3.097032895311713219e-04
3.079378511756658554e-04
3.081168397329747677e-04
3.084646305069327354e-04
3.091188846156001091e-04
3.079563030041754246e-04
3.076290595345199108e-04
3.094406856689602137e-04
3.088957455474883318e-04
3.079384332522749901e-04
3.074495180044323206e-04
3.072605177294462919e-04
3.089993260800838470e-04
3.082719922531396151e-04
3.078138688579201698e-04
3.080409078393131495e-04
3.074263222515583038e-04
3.073960833717137575e-04
3.075083368457853794e-04
3.070968086831271648e-04
3.070044913329184055e-04
3.077941655647009611e-04
3.077827568631619215e-04
3.074590058531612158e-04
3.068998630624264479e-04
3.081276954617351294e-04
3.070012026000767946e-04
3.068543737754225731e-04
3.080545866396278143e-04
3.073649131692945957e-04
3.072557447012513876e-04
3.066759963985532522e-04
3.074826672673225403e-04
3.076568245887756348e-04
3.067473589908331633e-04
3.068269870709627867e-04
3.072909021284431219e-04
3.070416569244116545e-04
3.077816800214350224e-04
3.067788784392178059e-04
3.076609282288700342e-04
3.063352196477353573e-04
3.054272383451461792e-04
3.068695659749209881e-04
3.067696816287934780e-04
3.079947491642087698e-04
3.066817007493227720e-04
3.066972421947866678e-04
3.065601922571659088e-04
3.057612047996371984e-04
3.063634794671088457e-04
3.069194208364933729e-04
3.060601884499192238e-04
3.070396196562796831e-04
3.064367920160293579e-04
3.066922363359481096e-04
3.072048421017825603e-04
3.061875177081674337e-04
3.060863236896693707e-04
3.063255862798541784e-04
3.060179878957569599e-04
3.067906945943832397e-04
3.059057926293462515e-04
3.055226698052138090e-04
3.059925511479377747e-04
3.059851296711713076e-04
3.061397583223879337e-04
3.058470028918236494e-04
3.059454611502587795e-04
3.058380971197038889e-04
3.059726732317358255e-04
3.062024770770221949e-04
3.058399306610226631e-04
3.051583480555564165e-04
3.058163274545222521e-04
3.060023009311407804e-04
3.051568055525422096e-04
3.053602413274347782e-04
3.076194843742996454e-04
3.059841983485966921e-04
3.049009828828275204e-04
3.054482804145663977e-04
3.058411239180713892e-04
3.056693240068852901e-04
3.059320151805877686e-04
3.049548540730029345e-04
3.041994641534984112e-04
3.048613725695759058e-04
3.057730500586330891e-04
3.054729895666241646e-04
3.046965575776994228e-04
3.055999986827373505e-04
3.052273241337388754e-04
3.047676000278443098e-04
3.045159683097153902e-04
3.047736827284097672e-04
3.051771491300314665e-04
3.051639941986650229e-04
3.043186152353882790e-04
3.051112871617078781e-04
3.049716469831764698e-04
3.048736252821981907e-04
3.051979001611471176e-04
3.051179810427129269e-04
3.044671902898699045e-04
3.042758035007864237e-04
3.048889921046793461e-04
3.051906824111938477e-04
3.048992948606610298e-04
3.045784251298755407e-04
3.045178309548646212e-04
3.045657649636268616e-04
3.043273463845252991e-04
3.042458556592464447e-04
3.040478331968188286e-04
3.038202994503080845e-04
3.040799638256430626e-04
3.039350558537989855e-04
3.046585479751229286e-04
3.036817652173340321e-04
3.047646896447986364e-04
3.044496406801044941e-04
3.043365431949496269e-04
3.039955045096576214e-04
3.036159323528409004e-04
3.038174763787537813e-04
3.035992558579891920e-04
3.042433818336576223e-04
3.036999551113694906e-04
3.040132869500666857e-04
3.032650856766849756e-04
3.037207643501460552e-04
3.043079341296106577e-04
3.042755706701427698e-04
3.036229463759809732e-04
3.044763871002942324e-04
3.033176762983202934e-04
3.039976581931114197e-04
3.037979477085173130e-04
3.037961723748594522e-04
3.040645678993314505e-04
3.038211434613913298e-04
3.036338894162327051e-04
3.032141248695552349e-04
3.033665998373180628e-04
3.037302230950444937e-04
3.040058363694697618e-04
3.029336803592741489e-04
3.048500220756977797e-04
3.033542889170348644e-04
3.037680580746382475e-04
3.032479726243764162e-04
3.036931448150426149e-04
3.031557134818285704e-04
3.030923544429242611e-04
3.032206732314080000e-04
3.034333640243858099e-04
3.035471017938107252e-04
3.032007080037146807e-04
3.032516106031835079e-04
3.029749786946922541e-04
3.035458503291010857e-04
3.032339736819267273e-04
3.028603096026927233e-04
3.031791129615157843e-04
3.034574328921735287e-04
3.034279798157513142e-04
3.025152254849672318e-04
3.030619118362665176e-04
3.031187516171485186e-04
3.029688377864658833e-04
3.030364750884473324e-04
3.029183717444539070e-04
3.029451763723045588e-04
3.024884790647774935e-04
3.032696840818971395e-04
3.024933103006333113e-04
3.032516397070139647e-04
3.027839993592351675e-04
3.028299252036958933e-04
3.021786396857351065e-04
3.023191529791802168e-04
3.019518626388162374e-04
3.024675243068486452e-04
3.033020766451954842e-04
3.026474732905626297e-04
3.026909835170954466e-04
3.030913649126887321e-04
3.024804755114018917e-04
3.022160963155329227e-04
3.027507045771926641e-04
3.020567237399518490e-04
3.029114159289747477e-04
3.031707310583442450e-04
3.020060830749571323e-04
3.018309362232685089e-04
3.018265706486999989e-04
3.026528574991971254e-04
3.024473844561725855e-04
3.023549797944724560e-04
3.019533469341695309e-04
3.026300400961190462e-04
3.021824231836944818e-04
3.020435979124158621e-04
3.027011407539248466e-04
3.021585580427199602e-04
3.019082942046225071e-04
3.024241595994681120e-04
3.023469762410968542e-04
3.013836976606398821e-04
3.022627497557550669e-04
3.024447942152619362e-04
3.017538983840495348e-04
3.025363839697092772e-04
3.017745621036738157e-04
3.025335026904940605e-04
3.016679256688803434e-04
3.016846312675625086e-04
3.019224095623940229e-04
3.017320996150374413e-04
3.015219699591398239e-04
3.010376240126788616e-04
3.020392905455082655e-04
3.019117866642773151e-04
3.020472358912229538e-04
3.015487745869904757e-04
3.014772955793887377e-04
3.012539818882942200e-04
3.009012143593281507e-04
3.015469119418412447e-04
3.020288422703742981e-04
3.014998801518231630e-04
3.011472290381789207e-04
3.010125365108251572e-04
3.014168469235301018e-04
3.014398971572518349e-04
3.010655054822564125e-04
3.015396359842270613e-04
3.023485187441110611e-04
3.012553497683256865e-04
3.008960629813373089e-04
3.013358509633690119e-04
3.016034024767577648e-04
3.014160029124468565e-04
3.007732157129794359e-04
3.013647510670125484e-04
3.009836073033511639e-04
3.013143141288310289e-04
3.012717934325337410e-04
3.009596548508852720e-04
3.013726382050663233e-04
3.011089866049587727e-04
3.012254019267857075e-04
3.009967913385480642e-04
3.010752552654594183e-04
3.011647786479443312e-04
3.011404769495129585e-04
3.010725777130573988e-04
3.009488864336162806e-04
3.005729231517761946e-04
3.008081403095275164e-04
3.007757768500596285e-04
3.006407059729099274e-04
3.012474335264414549e-04
3.007274935953319073e-04
3.010948130395263433e-04
3.010380314663052559e-04
3.011928056366741657e-04
3.007449849974364042e-04
3.009422216564416885e-04
3.010632353834807873e-04
3.010119253303855658e-04
3.011653316207230091e-04
3.008307539857923985e-04
3.005117469001561403e-04
3.007467894349247217e-04
3.005954786203801632e-04
3.015219408553093672e-04
3.005135804414749146e-04
3.007181221619248390e-04
3.001762670464813709e-04
3.008072671946138144e-04
3.007140185218304396e-04
3.004109894391149282e-04
3.007939667440950871e-04
3.006116021424531937e-04
3.002379380632191896e-04
3.007285995408892632e-04
3.008346830029040575e-04
3.006113111041486263e-04
3.001634322572499514e-04
3.005601174663752317e-04
3.008470230270177126e-04
3.000182332471013069e-04
3.001084551215171814e-04
3.009574138559401035e-04
3.002975136041641235e-04
3.004744357895106077e-04
3.004427417181432247e-04
2.998850250151008368e-04
3.002238227054476738e-04
3.001292643602937460e-04
3.004549362231045961e-04
2.997331321239471436e-04
3.004273166880011559e-04
3.002485318575054407e-04
2.998084528371691704e-04
3.000079595949500799e-04
3.001056320499628782e-04
3.002883458975702524e-04
3.005151229444891214e-04
3.000074357260018587e-04
3.003017918672412634e-04
2.996244293171912432e-04
2.997966075781732798e-04
3.002978919539600611e-04
2.998884592670947313e-04
2.996750699821859598e-04
2.999815042130649090e-04
3.000520810019224882e-04
2.998763811774551868e-04
2.998811833094805479e-04
3.000861906912177801e-04
2.997350529767572880e-04
3.002282173838466406e-04
2.998528070747852325e-04
2.999235293827950954e-04
2.994811220560222864e-04
2.994691312778741121e-04
2.996425027959048748e-04
2.996268158312886953e-04
2.994035312440246344e-04
3.000193391926586628e-04
2.996805706061422825e-04
2.998742274940013885e-04
2.995115355588495731e-04
3.000774595420807600e-04
3.004380268976092339e-04
2.997532428707927465e-04
2.995165123138576746e-04
2.998141862917691469e-04
2.997252449858933687e-04
2.995565009769052267e-04
2.991952642332762480e-04
2.995838003698736429e-04
2.993803354911506176e-04
2.994794049300253391e-04
2.996929688379168510e-04
2.994126116391271353e-04
2.993698581121861935e-04
2.997954434249550104e-04
2.995036775246262550e-04
2.997244009748101234e-04
2.996561524923890829e-04
2.995227696374058723e-04
2.995188115164637566e-04
2.995454706251621246e-04
2.992484078276902437e-04
2.991232031490653753e-04
2.993215748574584723e-04
2.990384236909449100e-04
2.991942164953798056e-04
2.992186928167939186e-04
2.995003305841237307e-04
2.992771042045205832e-04
2.990963403135538101e-04
2.990974753629416227e-04
2.994856622535735369e-04
2.988971536979079247e-04
2.991672081407159567e-04
2.995897957589477301e-04
2.989950298797339201e-04
2.993167727254331112e-04
2.990337379742413759e-04
2.994520182255655527e-04
2.995606046169996262e-04
2.990817592944949865e-04
2.988662745337933302e-04
2.991703513544052839e-04
2.989812637679278851e-04
2.992951194755733013e-04
2.989701752085238695e-04
2.987984917126595974e-04
2.987797197420150042e-04
2.990978537127375603e-04
2.990793727803975344e-04
2.993480593431740999e-04
2.990610082633793354e-04
2.988736086990684271e-04
2.988813503179699183e-04
2.988071937579661608e-04
2.989235217683017254e-04
2.988484920933842659e-04
2.988946216646581888e-04
2.988634805660694838e-04
2.989754138980060816e-04
2.989682252518832684e-04
2.988507912959903479e-04
2.989824279211461544e-04
2.986131585203111172e-04
2.989316417369991541e-04
2.990411303471773863e-04
2.985556784551590681e-04
2.990112989209592342e-04
2.988802152685821056e-04
2.991241344716399908e-04
2.989301865454763174e-04
2.986871695611625910e-04
2.990385983139276505e-04
2.988319320138543844e-04
2.988160413224250078e-04
2.986754989251494408e-04
2.989098429679870605e-04
2.985219762194901705e-04
2.985708997584879398e-04
2.986261388286948204e-04
2.988644700963050127e-04
2.987755578942596912e-04
2.983966842293739319e-04
2.987488987855613232e-04
2.986159815918654203e-04
2.987223269883543253e-04
2.986132749356329441e-04
2.985747705679386854e-04
2.985976461786776781e-04
2.985842293128371239e-04
2.986202016472816467e-04
2.983789308927953243e-04
2.988868800457566977e-04
2.984883030876517296e-04
2.985634491778910160e-04
2.989097265526652336e-04
2.983179001603275537e-04
2.985347528010606766e-04
2.987166226375848055e-04
2.984341990668326616e-04
2.984808234032243490e-04
2.984559978358447552e-04
2.985400788020342588e-04
2.984276798088103533e-04
2.985097526106983423e-04
2.987664483953267336e-04
