-6.027044728398323059e-02
-2.951280772686004639e-02
-1.585726812481880188e-02
-8.615549653768539429e-02
1.295311748981475830e-02
1.540222391486167908e-02
-2.540344744920730591e-02
3.131417185068130493e-02
-7.716835290193557739e-02
-1.024532690644264221e-01
3.728763386607170105e-02
-2.929643355309963226e-02
-3.209546208381652832e-02
-5.335937812924385071e-02
-3.148747608065605164e-02
5.384121835231781006e-02
-1.271118670701980591e-01
-8.934956789016723633e-02
-5.658822506666183472e-02
1.072695776820182800e-01
4.193214699625968933e-02
-3.119158186018466949e-02
7.293515652418136597e-02
5.196769908070564270e-02
-5.059639737010002136e-02
3.359099850058555603e-02
-4.251663014292716980e-02
1.653557294048368931e-03
4.887157306075096130e-02
7.092074304819107056e-02
