-9.079482406377792358e-04
1.258047450392041355e-05
-1.780464430339634418e-03
4.363172687590122223e-03
-2.656396245583891869e-03
7.052218075841665268e-03
-8.568649645894765854e-04
-1.257822848856449127e-03
2.771839732304215431e-03
-4.552087746560573578e-03
-7.945523830130696297e-04
-2.249791519716382027e-03
1.419205000274814665e-05
1.977980602532625198e-03
3.654182655736804008e-03
1.675265841186046600e-03
2.335951139684766531e-04
-3.120725043118000031e-03
-1.523447455838322639e-03
4.488767124712467194e-03
-3.917567373719066381e-04
-2.505065458535682410e-05
1.254501054063439369e-03
-6.826561275374842808e-06
-8.343321969732642174e-04
1.265232334844768047e-03
4.341590392868965864e-04
3.793228097492828965e-05
-8.007732685655355453e-04
1.490707625634968281e-03
