4.766535013914108276e-02
3.249302133917808533e-02
2.435205131769180298e-02
1.949534006416797638e-02
1.614812947809696198e-02
1.402967516332864761e-02
1.321831066161394119e-02
1.269593369215726852e-02
1.224150974303483963e-02
1.080706715583801270e-02
1.073864847421646118e-02
1.015580072999000549e-02
9.795654565095901489e-03
9.726827964186668396e-03
9.065806865692138672e-03
8.896758779883384705e-03
8.730924688279628754e-03
8.319128304719924927e-03
7.827419787645339966e-03
7.861857302486896515e-03
7.682579569518566132e-03
7.515719160437583923e-03
7.386231329292058945e-03
7.001405581831932068e-03
6.980534177273511887e-03
6.548977922648191452e-03
6.614331156015396118e-03
6.673878524452447891e-03
6.428787484765052795e-03
6.230092141777276993e-03
6.160693243145942688e-03
5.839547142386436462e-03
6.141263060271739960e-03
6.005925592035055161e-03
5.904898978769779205e-03
5.726061761379241943e-03
5.824123509228229523e-03
5.751794204115867615e-03
5.489940755069255829e-03
5.389553029090166092e-03
5.675236694514751434e-03
5.349460057914257050e-03
5.348625127226114273e-03
5.302084609866142273e-03
5.467809736728668213e-03
5.045352037996053696e-03
5.322080571204423904e-03
5.115811247378587723e-03
5.027904640883207321e-03
4.799472168087959290e-03
5.097223445773124695e-03
4.976244643330574036e-03
4.645100329071283340e-03
5.073937121778726578e-03
4.625190049409866333e-03
4.738650750368833542e-03
4.684794228523969650e-03
4.694950301200151443e-03
4.505358636379241943e-03
4.710455890744924545e-03
4.542327020317316055e-03
4.621733911335468292e-03
4.163125529885292053e-03
4.522315226495265961e-03
4.476462956517934799e-03
4.199744202196598053e-03
4.561716690659523010e-03
4.156184848397970200e-03
4.176490474492311478e-03
4.365046042948961258e-03
4.338378552347421646e-03
4.141957033425569534e-03
4.347435664385557175e-03
3.863621968775987625e-03
4.094853997230529785e-03
4.077336285263299942e-03
4.092826973646879196e-03
3.923579584807157516e-03
4.137299954891204834e-03
3.929844591766595840e-03
3.690597135573625565e-03
4.013443365693092346e-03
3.890589810907840729e-03
3.666110103949904442e-03
3.817113582044839859e-03
3.901710966601967812e-03
3.881082171574234962e-03
3.712553763762116432e-03
3.774643875658512115e-03
3.740030806511640549e-03
3.653889056295156479e-03
3.643648466095328331e-03
3.715571248903870583e-03
3.631495172157883644e-03
3.557137679308652878e-03
3.663078648969531059e-03
3.517774399369955063e-03
3.461921354755759239e-03
3.692938713356852531e-03
3.592682303860783577e-03
3.350734245032072067e-03
3.468987531960010529e-03
3.726543625816702843e-03
3.298918018117547035e-03
3.552344162017107010e-03
3.434956306591629982e-03
3.352478612214326859e-03
3.542551537975668907e-03
3.190317656844854355e-03
3.322473727166652679e-03
3.485857974737882614e-03
3.221759572625160217e-03
3.371248021721839905e-03
3.361306153237819672e-03
3.153635654598474503e-03
3.290843917056918144e-03
3.268173197284340858e-03
3.360101953148841858e-03
3.059209324419498444e-03
3.365780925378203392e-03
2.996206749230623245e-03
3.402082249522209167e-03
3.027283120900392532e-03
3.208956914022564888e-03
3.204530570656061172e-03
3.029623767361044884e-03
3.145322902128100395e-03
3.145981347188353539e-03
3.067763987928628922e-03
3.146060276776552200e-03
3.146547591313719749e-03
2.900234889239072800e-03
3.105054376646876335e-03
3.057894529774785042e-03
3.013662761077284813e-03
3.103597322478890419e-03
2.907915739342570305e-03
2.951294183731079102e-03
3.022687975317239761e-03
2.831168472766876221e-03
3.042928874492645264e-03
2.977683441713452339e-03
2.951368689537048340e-03
2.978340489789843559e-03
2.863878617063164711e-03
2.992436988279223442e-03
2.955668605864048004e-03
2.774588763713836670e-03
2.771135885268449783e-03
2.990957116708159447e-03
2.880045212805271149e-03
2.949392190203070641e-03
2.719269599765539169e-03
2.835968509316444397e-03
2.905395580455660820e-03
2.649369882419705391e-03
2.958482131361961365e-03
2.811349462717771530e-03
2.719630952924489975e-03
2.723608165979385376e-03
2.873240038752555847e-03
3.067356068640947342e-03
2.538063330575823784e-03
2.711150562390685081e-03
2.634315053001046181e-03
2.799712354317307472e-03
2.732207532972097397e-03
2.801811788231134415e-03
2.737257629632949829e-03
2.626675413921475410e-03
2.574008889496326447e-03
2.664617961272597313e-03
2.602414693683385849e-03
2.633689204230904579e-03
2.604868263006210327e-03
2.614081604406237602e-03
2.625051187351346016e-03
2.609652467072010040e-03
2.629163907840847969e-03
2.631652401760220528e-03
2.488001948222517967e-03
2.572237979620695114e-03
2.508930396288633347e-03
2.520378213375806808e-03
2.503608120605349541e-03
2.552242018282413483e-03
2.589813200756907463e-03
2.453413093462586403e-03
2.659189514815807343e-03
2.411461435258388519e-03
2.452631015330553055e-03
2.247784053906798363e-03
2.541180467233061790e-03
2.505705924704670906e-03
2.375430427491664886e-03
2.448080340400338173e-03
2.429115585982799530e-03
2.621978754177689552e-03
2.466781064867973328e-03
2.332974225282669067e-03
2.501238137483596802e-03
2.387355547398328781e-03
2.433433197438716888e-03
2.433454152196645737e-03
2.314348937943577766e-03
2.351512899622321129e-03
2.264207461848855019e-03
2.413182985037565231e-03
2.352247247472405434e-03
2.303858054801821709e-03
2.289395080879330635e-03
2.278659958392381668e-03
2.487548626959323883e-03
2.135930117219686508e-03
2.443604171276092529e-03
2.248165197670459747e-03
2.315311692655086517e-03
2.213562140241265297e-03
2.368267392739653587e-03
2.139955759048461914e-03
2.310371492058038712e-03
2.253834856674075127e-03
2.229012316092848778e-03
2.291982294991612434e-03
2.152517903596162796e-03
2.154510933905839920e-03
2.266625873744487762e-03
2.173622604459524155e-03
2.219744957983493805e-03
2.321348292753100395e-03
2.228155266493558884e-03
2.193328924477100372e-03
2.212818944826722145e-03
2.256334992125630379e-03
2.091528382152318954e-03
2.120283665135502815e-03
2.131526358425617218e-03
2.215328626334667206e-03
2.146371174603700638e-03
2.146206563338637352e-03
2.086555585265159607e-03
2.118495525792241096e-03
2.065754495561122894e-03
2.063304185867309570e-03
2.231630962342023849e-03
2.034641802310943604e-03
2.105268184095621109e-03
2.111555077135562897e-03
2.161159180104732513e-03
2.068397356197237968e-03
2.106267726048827171e-03
2.131942193955183029e-03
2.033413853496313095e-03
2.122340491041541100e-03
1.992124132812023163e-03
2.088561421260237694e-03
2.075494965538382530e-03
2.057975390926003456e-03
2.057190053164958954e-03
2.106113359332084656e-03
2.116459887474775314e-03
1.926341676153242588e-03
2.112121321260929108e-03
1.985472859814763069e-03
2.028358168900012970e-03
2.042183652520179749e-03
1.938526285812258720e-03
2.222113311290740967e-03
1.870097708888351917e-03
2.120642922818660736e-03
1.906302990391850471e-03
1.876697526313364506e-03
2.016043290495872498e-03
1.882650307379662991e-03
2.051398158073425293e-03
1.989961368963122368e-03
1.997258979827165604e-03
1.857445575296878815e-03
2.058132318779826164e-03
1.886878279037773609e-03
1.881750533357262611e-03
1.996311359107494354e-03
1.962837530300021172e-03
1.994272228330373764e-03
2.031058305874466896e-03
1.751312054693698883e-03
1.985694514587521553e-03
1.906309276819229126e-03
1.814894727431237698e-03
1.952284132130444050e-03
1.854767673648893833e-03
1.959208631888031960e-03
1.921684946864843369e-03
1.843568985350430012e-03
1.949517522007226944e-03
1.882506767287850380e-03
1.897157868370413780e-03
1.838444615714251995e-03
1.794081530533730984e-03
1.943449024111032486e-03
1.777545316144824028e-03
1.852069399319589138e-03
1.806351821869611740e-03
1.909351674839854240e-03
1.749188639223575592e-03
1.874524750746786594e-03
1.805885578505694866e-03
1.973520964384078979e-03
1.828198088333010674e-03
1.679154695011675358e-03
1.781845232471823692e-03
1.703439280390739441e-03
1.856841496191918850e-03
1.874259090982377529e-03
1.725133974105119705e-03
1.895602326840162277e-03
1.740075182169675827e-03
1.876338385045528412e-03
1.773478346876800060e-03
1.705382484942674637e-03
1.754717552103102207e-03
1.850409083999693394e-03
1.762747997418045998e-03
1.818291726522147655e-03
1.683812122792005539e-03
1.795777119696140289e-03
1.834800001233816147e-03
1.757420599460601807e-03
1.732820644974708557e-03
1.852478715591132641e-03
1.756592537276446819e-03
1.657436718232929707e-03
1.648704637773334980e-03
1.812202972359955311e-03
1.664437237195670605e-03
1.755935954861342907e-03
1.712431083433330059e-03
1.681526540778577328e-03
1.728330622427165508e-03
1.797468052245676517e-03
1.554489717818796635e-03
1.784088788554072380e-03
1.669738790951669216e-03
1.594439381733536720e-03
1.658557797782123089e-03
1.741088111884891987e-03
1.714787096716463566e-03
1.674573752097785473e-03
1.684885122813284397e-03
1.673608203418552876e-03
1.692965626716613770e-03
1.537403790280222893e-03
1.652429578825831413e-03
1.655019936151802540e-03
1.621082192286849022e-03
1.744289766065776348e-03
1.571526401676237583e-03
1.693466678261756897e-03
1.612168620340526104e-03
1.667329226620495319e-03
1.665361458435654640e-03
1.667472999542951584e-03
1.534103532321751118e-03
1.662777271121740341e-03
1.718464889563620090e-03
1.592136919498443604e-03
1.585427438840270042e-03
1.643342082388699055e-03
1.572311506606638432e-03
1.561898156069219112e-03
1.596949994564056396e-03
1.597698661498725414e-03
1.553670503199100494e-03
1.664196373894810677e-03
1.517332275398075581e-03
1.589654362760484219e-03
1.570670865476131439e-03
1.572600216604769230e-03
1.551392488181591034e-03
1.545033883303403854e-03
1.628028228878974915e-03
1.521825091913342476e-03
1.457862905226647854e-03
1.620274269953370094e-03
1.565627055242657661e-03
1.519050099886953831e-03
1.645045820623636246e-03
1.489012152887880802e-03
1.548637752421200275e-03
1.520860125310719013e-03
1.532379654236137867e-03
1.455306890420615673e-03
1.563447993248701096e-03
1.592707470990717411e-03
1.519197947345674038e-03
1.518349745310842991e-03
1.496794400736689568e-03
1.610835781320929527e-03
1.594607601873576641e-03
1.513017923571169376e-03
1.406630966812372208e-03
1.515494193881750107e-03
1.522405189462006092e-03
1.401568646542727947e-03
1.627444522455334663e-03
1.405304064974188805e-03
1.579724834300577641e-03
1.423046574927866459e-03
1.505805528722703457e-03
1.513108611106872559e-03
1.467938418500125408e-03
1.493424410000443459e-03
1.498328289017081261e-03
1.437767408788204193e-03
1.477445592172443867e-03
1.469886512495577335e-03
1.403847709298133850e-03
1.588983810506761074e-03
1.485145301558077335e-03
1.390382880344986916e-03
1.459048246033489704e-03
1.381695736199617386e-03
1.360750524327158928e-03
1.484603970311582088e-03
1.440358813852071762e-03
1.447904622182250023e-03
1.432909397408366203e-03
1.427577110007405281e-03
1.440141466446220875e-03
1.389362034387886524e-03
1.464547938667237759e-03
1.431148732081055641e-03
1.382688758894801140e-03
1.446720096282660961e-03
1.378180459141731262e-03
1.387641998007893562e-03
1.392939593642950058e-03
1.457187347114086151e-03
1.434996258467435837e-03
1.391254714690148830e-03
1.395440776832401752e-03
1.318768714554607868e-03
1.431066426448523998e-03
1.447331043891608715e-03
1.313231769017875195e-03
1.482194289565086365e-03
1.403475296683609486e-03
1.377020496875047684e-03
1.383707276545464993e-03
1.385996933095157146e-03
1.381617272272706032e-03
1.366677344776690006e-03
1.331093488261103630e-03
1.409845426678657532e-03
1.321747899055480957e-03
1.458986662328243256e-03
1.283365301787853241e-03
1.339416368864476681e-03
1.366299693472683430e-03
1.399789820425212383e-03
1.339273643679916859e-03
1.305525074712932110e-03
1.396437408402562141e-03
1.348838442936539650e-03
1.403505215421319008e-03
1.316031441092491150e-03
1.330256462097167969e-03
1.380124827846884727e-03
1.282989163883030415e-03
1.364484662190079689e-03
1.272517954930663109e-03
1.323689124546945095e-03
1.345984870567917824e-03
1.287263585254549980e-03
1.302185002714395523e-03
1.432059798389673233e-03
1.222231308929622173e-03
1.298568909987807274e-03
1.364115392789244652e-03
1.336608198471367359e-03
1.346611184999346733e-03
1.253609312698245049e-03
1.312235719524323940e-03
1.325760968029499054e-03
1.360882539302110672e-03
1.286469982005655766e-03
1.296154572628438473e-03
1.306505058892071247e-03
1.226020976901054382e-03
1.284747617319226265e-03
1.260012155398726463e-03
1.319438801147043705e-03
1.307957107201218605e-03
1.244843704625964165e-03
1.315587200224399567e-03
1.272797468118369579e-03
1.277022878639400005e-03
1.298506162129342556e-03
1.261603552848100662e-03
1.298541901633143425e-03
1.271894667297601700e-03
1.300166826695203781e-03
1.231721485964953899e-03
1.292037311941385269e-03
1.285015838220715523e-03
1.252291142009198666e-03
1.219057478010654449e-03
1.308284234255552292e-03
1.311814528889954090e-03
1.260401215404272079e-03
1.234710100106894970e-03
1.309278770349919796e-03
1.302095130085945129e-03
1.247373875230550766e-03
1.287481980398297310e-03
1.232157112099230289e-03
1.235334202647209167e-03
1.257349387742578983e-03
1.251808600500226021e-03
1.208485569804906845e-03
1.212098752148449421e-03
1.252802088856697083e-03
1.210923423059284687e-03
1.267653773538768291e-03
1.178295817226171494e-03
1.226438558660447598e-03
1.286937622353434563e-03
1.257681054994463921e-03
1.204101601615548134e-03
1.185456640087068081e-03
1.193692674860358238e-03
1.196148106828331947e-03
1.258795266039669514e-03
1.219873433001339436e-03
1.204869360662996769e-03
1.151514123193919659e-03
1.209510373882949352e-03
1.182017964310944080e-03
1.206215238198637962e-03
1.186229987069964409e-03
1.177775557152926922e-03
1.173768774606287479e-03
1.237052492797374725e-03
1.183426589705049992e-03
1.175216748379170895e-03
1.168121001683175564e-03
1.187540590763092041e-03
1.175313838757574558e-03
1.221038168296217918e-03
1.246788073331117630e-03
1.156027428805828094e-03
1.135777682065963745e-03
1.200702390633523464e-03
1.191894058138132095e-03
1.183991087600588799e-03
1.218413468450307846e-03
1.158824772574007511e-03
1.173990429379045963e-03
1.179503160528838634e-03
1.141957705840468407e-03
1.212053815834224224e-03
1.181081519462168217e-03
1.163186854682862759e-03
1.130505930632352829e-03
1.205099979415535927e-03
1.179001643322408199e-03
1.147774863056838512e-03
1.089677331037819386e-03
1.147049828432500362e-03
1.187906484119594097e-03
1.134800724685192108e-03
1.229204004630446434e-03
1.107010175473988056e-03
1.119361259043216705e-03
1.115309307351708412e-03
1.095975399948656559e-03
1.155020669102668762e-03
1.144548878073692322e-03
1.112945144996047020e-03
1.093209139071404934e-03
1.129295327700674534e-03
1.097356900572776794e-03
1.112709869630634785e-03
1.122501213103532791e-03
1.102544018067419529e-03
1.101366709917783737e-03
1.141982036642730236e-03
1.115616760216653347e-03
1.089567318558692932e-03
1.097180298529565334e-03
1.079083303920924664e-03
1.119444612413644791e-03
1.137797255069017410e-03
1.093861297704279423e-03
1.079909969121217728e-03
1.065562129952013493e-03
1.113715465180575848e-03
1.148410257883369923e-03
1.045643934048712254e-03
1.067544333636760712e-03
1.120753819122910500e-03
1.078948145732283592e-03
1.095642568543553352e-03
1.050651422701776028e-03
1.118431449867784977e-03
1.070512342266738415e-03
1.109761768020689487e-03
1.034454209730029106e-03
1.058114925399422646e-03
1.085305702872574329e-03
1.044922624714672565e-03
1.082169706933200359e-03
1.049716374836862087e-03
1.060209819115698338e-03
1.074249390512704849e-03
1.064234646037220955e-03
1.084578922018408775e-03
1.050207531079649925e-03
1.070318045094609261e-03
1.088334480300545692e-03
1.047853613272309303e-03
1.039413851685822010e-03
1.043742988258600235e-03
1.170333242043852806e-03
1.019311137497425079e-03
1.045389799401164055e-03
1.031767227686941624e-03
1.071225968189537525e-03
1.018979703076183796e-03
1.069370191544294357e-03
1.026048557832837105e-03
1.093795988708734512e-03
1.039892435073852539e-03
1.057561021298170090e-03
1.031988649629056454e-03
1.062992610968649387e-03
1.018773065879940987e-03
1.064166426658630371e-03
1.045369659550487995e-03
1.052172621712088585e-03
1.035265275277197361e-03
1.038836897350847721e-03
1.031394232995808125e-03
1.045707031153142452e-03
1.004159799776971340e-03
1.066491473466157913e-03
1.026587560772895813e-03
1.008587074466049671e-03
1.011654618196189404e-03
1.065546181052923203e-03
9.942566975951194763e-04
1.034794491715729237e-03
1.042718300595879555e-03
9.916204726323485374e-04
9.850868955254554749e-04
1.029276871122419834e-03
1.032982836477458477e-03
1.021451782435178757e-03
1.042213174514472485e-03
9.819401893764734268e-04
9.986411314457654953e-04
1.047221594490110874e-03
9.975295979529619217e-04
1.002720906399190426e-03
1.005797996185719967e-03
9.990356629714369774e-04
9.912985842674970627e-04
9.965127101168036461e-04
1.016186433844268322e-03
1.038420014083385468e-03
9.725827258080244064e-04
1.000177930109202862e-03
1.034762477502226830e-03
9.976985165849328041e-04
9.855997050181031227e-04
9.842533618211746216e-04
1.042874762788414955e-03
9.928635554388165474e-04
1.051648170687258244e-03
9.405628079548478127e-04
9.658543858677148819e-04
9.918593568727374077e-04
9.604390943422913551e-04
1.053728512488305569e-03
9.807401802390813828e-04
9.711693273857235909e-04
9.680402581579983234e-04
9.577500750310719013e-04
9.895254625007510185e-04
9.843208827078342438e-04
9.364097495563328266e-04
9.791681077331304550e-04
9.617866599000990391e-04
9.633033187128603458e-04
9.631668799556791782e-04
9.522325708530843258e-04
9.942853357642889023e-04
9.244013344869017601e-04
9.855647804215550423e-04
9.485439513809978962e-04
9.735631174407899380e-04
9.643714292906224728e-04
9.702861425466835499e-04
9.617470204830169678e-04
9.621977224014699459e-04
9.534821147099137306e-04
9.642567601986229420e-04
9.433873929083347321e-04
9.725614800117909908e-04
9.411127539351582527e-04
9.533942793495953083e-04
9.429068304598331451e-04
9.510553791187703609e-04
9.415817912667989731e-04
9.497262071818113327e-04
9.682621457614004612e-04
9.670279105193912983e-04
9.213697048835456371e-04
9.565185755491256714e-04
9.398701949976384640e-04
9.517981670796871185e-04
9.396197274327278137e-04
9.083219920285046101e-04
9.239136707037687302e-04
9.742184774950146675e-04
9.248596034012734890e-04
9.379721595905721188e-04
9.552285191603004932e-04
9.321599500253796577e-04
9.025288745760917664e-04
9.418289409950375557e-04
9.047253406606614590e-04
9.670907165855169296e-04
9.561505867168307304e-04
9.220344945788383484e-04
8.971368661150336266e-04
9.551412658765912056e-04
9.239698993042111397e-04
9.433300583623349667e-04
9.251839946955442429e-04
8.964285952970385551e-04
9.033319074660539627e-04
9.163280483335256577e-04
9.362201672047376633e-04
9.052833192981779575e-04
8.838754729367792606e-04
9.257333003915846348e-04
9.333511115983128548e-04
9.012072696350514889e-04
8.901350665837526321e-04
9.024125174619257450e-04
9.181639761663973331e-04
9.043298196047544479e-04
9.004251332953572273e-04
9.260051883757114410e-04
8.852009777911007404e-04
9.191444842144846916e-04
9.007644257508218288e-04
9.025863837450742722e-04
8.945368463173508644e-04
9.013459202833473682e-04
8.821308147162199020e-04
9.228113922290503979e-04
8.825097465887665749e-04
8.853533072397112846e-04
8.878022199496626854e-04
8.728036191314458847e-04
9.051632951013743877e-04
8.824652759358286858e-04
9.107801015488803387e-04
8.835293119773268700e-04
9.235521429218351841e-04
8.940364350564777851e-04
8.659003651700913906e-04
8.784114033915102482e-04
8.833996835164725780e-04
8.984979940578341484e-04
8.665801142342388630e-04
8.992432267405092716e-04
8.902749978005886078e-04
8.810329600237309933e-04
8.577824337407946587e-04
8.751704590395092964e-04
9.019062272273004055e-04
8.450820459984242916e-04
8.910559699870646000e-04
8.710533729754388332e-04
8.736501913517713547e-04
9.022247977554798126e-04
8.323924266733229160e-04
8.984591113403439522e-04
8.580755675211548805e-04
8.600179571658372879e-04
8.921513799577951431e-04
8.515557274222373962e-04
8.740827324800193310e-04
8.765724487602710724e-04
8.730877889320254326e-04
8.554550004191696644e-04
8.580703288316726685e-04
8.803579257801175117e-04
8.622145396657288074e-04
8.690161048434674740e-04
8.590706856921315193e-04
8.746549137867987156e-04
8.618073188699781895e-04
8.333660080097615719e-04
8.802136871963739395e-04
8.552384097129106522e-04
8.441702811978757381e-04
8.560607675462961197e-04
8.379392093047499657e-04
8.472684421576559544e-04
8.695936994627118111e-04
8.415604825131595135e-04
8.396586636081337929e-04
8.285650401376187801e-04
8.705125073902308941e-04
8.446910069324076176e-04
8.374121971428394318e-04
8.432776667177677155e-04
8.380651124753057957e-04
8.639210136607289314e-04
8.547218749299645424e-04
8.444397826679050922e-04
8.137345430441200733e-04
8.417448843829333782e-04
8.219765732064843178e-04
8.672721451148390770e-04
8.179917931556701660e-04
8.620194857940077782e-04
8.183523896150290966e-04
8.454056805931031704e-04
8.613651734776794910e-04
8.260332979261875153e-04
8.210760424844920635e-04
8.426393615081906319e-04
8.246650104410946369e-04
8.390055736526846886e-04
8.235611603595316410e-04
8.520258706994354725e-04
8.418682846240699291e-04
8.357958286069333553e-04
8.265546639449894428e-04
8.279766771011054516e-04
8.345704991370439529e-04
8.058317471295595169e-04
8.072225609794259071e-04
8.195414557121694088e-04
8.079342078417539597e-04
8.276284206658601761e-04
8.336270693689584732e-04
8.152534719556570053e-04
8.194922120310366154e-04
8.025774150155484676e-04
7.861537160351872444e-04
8.094725781120359898e-04
8.309183758683502674e-04
8.117348770610988140e-04
8.493766654282808304e-04
7.962426170706748962e-04
8.229222148656845093e-04
8.173893438652157784e-04
8.012382895685732365e-04
7.725345203652977943e-04
8.183909230865538120e-04
8.142639417201280594e-04
8.134396630339324474e-04
8.088909089565277100e-04
8.052847115322947502e-04
8.090935298241674900e-04
8.165276376530528069e-04
7.950499420985579491e-04
7.901323842816054821e-04
7.950518629513680935e-04
7.933140150271356106e-04
8.171274093911051750e-04
7.972407620400190353e-04
8.085234439931809902e-04
7.881476776674389839e-04
7.890198030509054661e-04
7.973528117872774601e-04
7.824070635251700878e-04
7.972163730300962925e-04
8.156519616022706032e-04
7.944363751448690891e-04
7.867276435717940331e-04
7.765890331938862801e-04
7.815063581801950932e-04
7.726335898041725159e-04
8.102215360850095749e-04
8.011531899683177471e-04
7.930164574645459652e-04
7.853357819840312004e-04
7.863136706873774529e-04
7.968755089677870274e-04
7.691424689255654812e-04
7.686392054893076420e-04
7.901138160377740860e-04
7.744998438283801079e-04
8.080100524239242077e-04
7.839149911887943745e-04
7.900255732238292694e-04
7.918813498690724373e-04
7.919701165519654751e-04
7.901847711764276028e-04
7.968500722199678421e-04
7.922204677015542984e-04
7.878470350988209248e-04
7.769308285787701607e-04
7.724583847448229790e-04
7.880870834924280643e-04
7.726200856268405914e-04
7.678248221054673195e-04
7.703475421294569969e-04
7.859689067117869854e-04
7.706806063652038574e-04
7.724154274910688400e-04
7.760793669149279594e-04
7.693519000895321369e-04
7.803741609677672386e-04
7.639423711225390434e-04
7.812866824679076672e-04
7.714875973761081696e-04
7.591234752908349037e-04
7.662989082746207714e-04
7.681586430408060551e-04
7.682646973989903927e-04
7.564332918263971806e-04
7.651105406694114208e-04
7.915010210126638412e-04
7.623630808666348457e-04
7.594375056214630604e-04
7.645354489795863628e-04
7.660887786187231541e-04
7.736175321042537689e-04
7.714987732470035553e-04
7.524279062636196613e-04
7.452011341229081154e-04
7.733434322290122509e-04
7.677269750274717808e-04
7.511300500482320786e-04
7.612459012307226658e-04
7.579679368063807487e-04
7.457002648152410984e-04
7.679898408241569996e-04
7.791541283950209618e-04
7.513223099522292614e-04
7.561680395156145096e-04
7.564374827779829502e-04
7.631702465005218983e-04
7.524968823418021202e-04
7.658777758479118347e-04
7.455258746631443501e-04
7.535154582001268864e-04
7.600501994602382183e-04
7.550169830210506916e-04
7.472118013538420200e-04
7.449378026649355888e-04
7.544592954218387604e-04
7.493868470191955566e-04
7.322732126340270042e-04
7.346833008341491222e-04
7.485981332138180733e-04
7.504634559154510498e-04
7.595738861709833145e-04
7.364733028225600719e-04
7.359403534792363644e-04
7.504849927499890327e-04
7.409090758301317692e-04
7.447212701663374901e-04
7.395553984679281712e-04
7.430684054270386696e-04
7.521176594309508801e-04
7.190609467215836048e-04
7.498475024476647377e-04
7.405281066894531250e-04
7.474136073142290115e-04
7.461532950401306152e-04
7.411421393044292927e-04
7.377676665782928467e-04
7.358576986007392406e-04
7.299328572116792202e-04
7.532421150244772434e-04
7.220011320896446705e-04
7.135885534808039665e-04
7.375577115453779697e-04
7.357732392847537994e-04
7.406260701827704906e-04
7.280120626091957092e-04
7.295795949175953865e-04
7.295426912605762482e-04
7.157754153013229370e-04
7.341548334807157516e-04
7.280269637703895569e-04
7.351475069299340248e-04
7.209632894955575466e-04
7.196972146630287170e-04
7.157834479585289955e-04
7.375580607913434505e-04
7.430741679854691029e-04
7.080590585246682167e-04
7.312797242775559425e-04
7.340164738707244396e-04
7.306369952857494354e-04
7.322581950575113297e-04
7.244510343298316002e-04
7.264720625244081020e-04
7.082122610881924629e-04
7.158256485126912594e-04
7.190158357843756676e-04
7.151754689402878284e-04
7.250644266605377197e-04
7.145039271563291550e-04
7.221437408588826656e-04
7.231582421809434891e-04
7.171105244196951389e-04
7.078708731569349766e-04
7.014734437689185143e-04
7.334598922170698643e-04
7.010111585259437561e-04
7.143063121475279331e-04
7.201332482509315014e-04
7.151062018238008022e-04
7.149538141675293446e-04
7.185374270193278790e-04
7.100371294654905796e-04
7.276423275470733643e-04
7.086741970852017403e-04
7.088589482009410858e-04
7.084288517944514751e-04
7.112965104170143604e-04
6.992233102209866047e-04
7.198581006377935410e-04
6.984971114434301853e-04
7.090881699696183205e-04
7.120271329768002033e-04
6.973645067773759365e-04
7.113678730092942715e-04
6.920992163941264153e-04
7.147443830035626888e-04
7.099307258613407612e-04
7.010551053099334240e-04
7.102953386493027210e-04
6.954231066629290581e-04
6.984183564782142639e-04
7.139594526961445808e-04
7.112284656614065170e-04
6.959362071938812733e-04
7.074508466757833958e-04
7.057192269712686539e-04
7.079124334268271923e-04
7.002529455348849297e-04
6.996903684921562672e-04
7.015009759925305843e-04
7.004846702329814434e-04
7.068564300425350666e-04
6.882364978082478046e-04
6.942588370293378830e-04
7.022531353868544102e-04
6.894209072925150394e-04
7.031817222014069557e-04
6.957274745218455791e-04
7.030595443211495876e-04
6.987015367485582829e-04
6.971266120672225952e-04
6.914089317433536053e-04
7.013274007476866245e-04
6.845843163318932056e-04
7.081992807798087597e-04
6.882597808726131916e-04
6.799565162509679794e-04
7.098517962731420994e-04
6.865308969281613827e-04
6.832728977315127850e-04
6.856797845102846622e-04
6.881366134621202946e-04
6.928984657861292362e-04
7.037030300125479698e-04
6.813629879616200924e-04
6.866665207780897617e-04
6.999773322604596615e-04
6.823263829573988914e-04
6.976365111768245697e-04
6.724778213538229465e-04
6.762914708815515041e-04
6.797635578550398350e-04
6.862649461254477501e-04
6.859871791675686836e-04
6.851668586023151875e-04
6.753468187525868416e-04
6.925276247784495354e-04
6.956161232665181160e-04
6.654848111793398857e-04
6.887624040246009827e-04
6.737532094120979309e-04
6.848807097412645817e-04
6.700708763673901558e-04
6.761874537914991379e-04
6.922562606632709503e-04
6.796005764044821262e-04
6.718647782690823078e-04
6.779005634598433971e-04
6.750960601493716240e-04
6.735338247381150723e-04
6.620113272219896317e-04
6.814492517150938511e-04
6.760594551451504230e-04
6.784647703170776367e-04
6.793343927711248398e-04
6.786875892430543900e-04
6.732247420586645603e-04
6.769020110368728638e-04
6.792599451728165150e-04
6.740300450474023819e-04
6.769400206394493580e-04
6.784409633837640285e-04
6.821445422247052193e-04
6.706432905048131943e-04
6.741507677361369133e-04
6.590755656361579895e-04
6.651959847658872604e-04
6.831507780589163303e-04
6.754740606993436813e-04
6.760286050848662853e-04
6.700084777548909187e-04
6.736058858223259449e-04
6.802508141845464706e-04
6.709920708090066910e-04
6.686726701445877552e-04
6.638393388129770756e-04
6.657065241597592831e-04
6.758894305676221848e-04
6.663249223493039608e-04
6.738966330885887146e-04
6.722536054439842701e-04
6.665440741926431656e-04
6.719869561493396759e-04
6.570870755240321159e-04
6.616584141738712788e-04
6.649561692029237747e-04
6.752129411324858665e-04
6.644267123192548752e-04
6.599383777938783169e-04
6.651350413449108601e-04
6.746846484020352364e-04
6.585767841897904873e-04
6.751879700459539890e-04
6.500822491943836212e-04
6.644345121458172798e-04
6.629611016251146793e-04
6.525411736220121384e-04
6.676927441731095314e-04
6.676277262158691883e-04
6.635654717683792114e-04
6.603896035812795162e-04
6.531952531076967716e-04
6.530273822136223316e-04
6.732600159011781216e-04
6.603674264624714851e-04
6.586668896488845348e-04
6.541055627167224884e-04
6.534318672493100166e-04
6.572390557266771793e-04
6.615302991122007370e-04
6.589100230485200882e-04
6.534900167025625706e-04
6.630177958868443966e-04
6.645839894190430641e-04
6.563802016898989677e-04
6.492567481473088264e-04
6.621940410695970058e-04
6.702273385599255562e-04
6.457362323999404907e-04
6.688804714940488338e-04
6.572659476660192013e-04
6.420176359824836254e-04
6.643714150413870811e-04
6.549644167535007000e-04
6.563546485267579556e-04
6.500426679849624634e-04
6.551627884618937969e-04
6.459819851443171501e-04
6.471804226748645306e-04
6.419286364689469337e-04
6.644780514761805534e-04
6.430534413084387779e-04
6.478012073785066605e-04
6.500792806036770344e-04
6.438929704017937183e-04
6.492393440566956997e-04
6.520143360830843449e-04
6.505126366391777992e-04
6.427271873690187931e-04
6.490031373687088490e-04
6.516838911920785904e-04
6.442815065383911133e-04
6.530665559694170952e-04
6.496386486105620861e-04
6.463553290814161301e-04
6.392745417542755604e-04
6.507711950689554214e-04
6.517613655887544155e-04
6.474573165178298950e-04
6.417958647944033146e-04
6.472087698057293892e-04
6.508538499474525452e-04
6.370728951878845692e-04
6.439334829337894917e-04
6.434208480641245842e-04
6.395992822945117950e-04
6.494440021924674511e-04
6.474175606854259968e-04
6.410732748918235302e-04
6.447617779485881329e-04
6.436757394112646580e-04
6.321277469396591187e-04
6.429544882848858833e-04
6.440107827074825764e-04
6.439846474677324295e-04
6.389709888026118279e-04
6.361273117363452911e-04
6.356704980134963989e-04
6.389871705323457718e-04
6.393463700078427792e-04
6.387166213244199753e-04
6.427544867619872093e-04
6.344686262309551239e-04
6.386893801391124725e-04
6.353005301207304001e-04
6.323398556560277939e-04
6.420697900466620922e-04
6.372758070938289165e-04
6.357634556479752064e-04
6.290411110967397690e-04
6.302320398390293121e-04
6.426128093153238297e-04
6.413069786503911018e-04
6.388413603417575359e-04
6.374895456247031689e-04
6.287357537075877190e-04
6.320896209217607975e-04
6.257395143620669842e-04
6.467327475547790527e-04
6.361532723531126976e-04
6.305747083388268948e-04
6.314351921901106834e-04
6.282222457230091095e-04
6.351593765430152416e-04
6.337583181448280811e-04
6.262928363867104053e-04
6.287323194555938244e-04
6.316284416243433952e-04
6.267179851420223713e-04
6.320578977465629578e-04
6.372558418661355972e-04
6.330214673653244972e-04
6.283202092163264751e-04
6.323656416498124599e-04
6.262689130380749702e-04
6.331710610538721085e-04
6.319874082691967487e-04
6.276646745391190052e-04
6.298362277448177338e-04
6.242754170671105385e-04
6.255513872019946575e-04
6.306331488303840160e-04
6.225134711712598801e-04
6.273678154684603214e-04
6.246528355404734612e-04
6.350830662995576859e-04
6.298950174823403358e-04
6.234502070583403111e-04
6.317108054645359516e-04
6.267309654504060745e-04
6.250781589187681675e-04
6.246962002478539944e-04
6.218005437403917313e-04
6.242776871658861637e-04
6.229142309166491032e-04
6.223025266081094742e-04
6.233237800188362598e-04
6.313514895737171173e-04
6.264772964641451836e-04
6.213681190274655819e-04
6.202390068210661411e-04
6.233871099539101124e-04
6.234445609152317047e-04
6.191596621647477150e-04
6.293371552601456642e-04
6.231303559616208076e-04
6.243814132176339626e-04
6.177807226777076721e-04
6.329242023639380932e-04
6.219347123987972736e-04
6.205167737789452076e-04
6.165130762383341789e-04
6.169093539938330650e-04
6.213453598320484161e-04
6.212241132743656635e-04
6.173806032165884972e-04
6.252587190829217434e-04
6.269519799388945103e-04
6.186648388393223286e-04
6.227834383025765419e-04
6.090416572988033295e-04
6.218403577804565430e-04
6.174352020025253296e-04
6.087341462261974812e-04
6.152683636173605919e-04
6.182804354466497898e-04
6.211622967384755611e-04
6.291052559390664101e-04
6.073108525015413761e-04
6.152593996375799179e-04
6.166496896184980869e-04
6.109417881816625595e-04
6.158087053336203098e-04
6.170985288918018341e-04
6.167091778479516506e-04
6.220366340130567551e-04
6.144842482171952724e-04
6.132276030257344246e-04
6.201284704729914665e-04
6.153971189633011818e-04
6.225177203305065632e-04
6.140138721093535423e-04
6.150392000563442707e-04
6.123378407210111618e-04
6.211027503013610840e-04
6.088086520321667194e-04
6.156024755910038948e-04
6.144503131508827209e-04
6.109275273047387600e-04
6.091650575399398804e-04
6.133939605206251144e-04
6.099593592807650566e-04
6.097985315136611462e-04
6.137932650744915009e-04
6.146843661554157734e-04
6.083567859604954720e-04
6.110338727012276649e-04
6.062453612685203552e-04
6.141865160316228867e-04
6.103522027842700481e-04
6.071599200367927551e-04
6.078573060221970081e-04
6.047370261512696743e-04
6.067453068681061268e-04
6.061727181077003479e-04
6.106757791712880135e-04
6.176413153298199177e-04
6.113998824730515480e-04
6.067167269065976143e-04
6.129557732492685318e-04
6.139143370091915131e-04
6.051391828805208206e-04
6.080303573980927467e-04
6.084297201596200466e-04
6.087215151637792587e-04
6.098024314269423485e-04
6.082925829105079174e-04
6.064923363737761974e-04
6.124129868112504482e-04
6.068565417081117630e-04
6.068102084100246429e-04
6.072050891816616058e-04
6.068699294701218605e-04
6.090223323553800583e-04
6.040603620931506157e-04
6.070384406484663486e-04
6.120910402387380600e-04
6.002861191518604755e-04
6.038440042175352573e-04
6.108129746280610561e-04
6.066118949092924595e-04
6.045828922651708126e-04
6.018161657266318798e-04
6.073322729207575321e-04
6.009820499457418919e-04
6.108805537223815918e-04
6.021510343998670578e-04
6.086763460189104080e-04
6.020558648742735386e-04
6.073528784327208996e-04
6.037501734681427479e-04
6.041236920282244682e-04
6.025572656653821468e-04
5.982781294733285904e-04
6.046358612366020679e-04
6.039884174242615700e-04
6.018927670083940029e-04
6.031589000485837460e-04
6.037342827767133713e-04
5.974016385152935982e-04
5.978423869237303734e-04
5.995170795358717442e-04
6.092347903177142143e-04
6.023583700880408287e-04
6.063086912035942078e-04
6.008406053297221661e-04
6.054702098481357098e-04
5.982265574857592583e-04
5.976142711006104946e-04
5.958250258117914200e-04
5.987355834804475307e-04
5.994028178974986076e-04
5.962940631434321404e-04
5.965934251435101032e-04
5.984912277199327946e-04
6.019828724674880505e-04
5.952832871116697788e-04
5.985719617456197739e-04
5.968160694465041161e-04
5.981345311738550663e-04
5.993133527226746082e-04
6.002663867548108101e-04
5.958773544989526272e-04
5.947469035163521767e-04
6.036092527210712433e-04
5.983243463560938835e-04
5.967209581285715103e-04
5.922608543187379837e-04
5.971913342364132404e-04
5.998428096063435078e-04
5.947527824901044369e-04
5.965463933534920216e-04
5.955017986707389355e-04
5.951181519776582718e-04
5.956076201982796192e-04
5.886867875233292580e-04
5.957247340120375156e-04
5.977067630738019943e-04
5.941247800365090370e-04
5.892852204851806164e-04
5.935986991971731186e-04
5.971170030534267426e-04
5.987065378576517105e-04
5.962032009847462177e-04
5.919908289797604084e-04
5.954526131972670555e-04
5.945335724391043186e-04
5.927252350375056267e-04
5.949838086962699890e-04
5.965901073068380356e-04
5.929719191044569016e-04
5.886059370823204517e-04
5.914360517635941505e-04
5.931380437687039375e-04
5.908281891606748104e-04
5.936419474892318249e-04
5.918855895288288593e-04
5.930830957368016243e-04
5.942730931565165520e-04
5.960286362096667290e-04
5.885449936613440514e-04
5.909490282647311687e-04
5.916069494560360909e-04
5.900735268369317055e-04
5.949317128397524357e-04
5.918514798395335674e-04
5.893710767850279808e-04
5.896574584767222404e-04
5.920616094954311848e-04
5.890954053029417992e-04
5.859136581420898438e-04
5.908191087655723095e-04
5.898450617678463459e-04
5.901225376874208450e-04
5.857216310687363148e-04
5.877200746908783913e-04
5.862155812792479992e-04
5.913485656492412090e-04
5.902230041101574898e-04
5.870283930562436581e-04
5.884151323698461056e-04
5.903014098294079304e-04
5.859189550392329693e-04
5.923921125940978527e-04
5.925336154177784920e-04
5.905878497287631035e-04
5.871970788575708866e-04
5.897506489418447018e-04
5.873136688023805618e-04
5.882834084331989288e-04
5.893111228942871094e-04
5.850222660228610039e-04
5.890820175409317017e-04
5.873607588000595570e-04
5.870900349691510201e-04
5.839723162353038788e-04
5.865088314749300480e-04
5.856915959157049656e-04
5.859735538251698017e-04
5.872873007319867611e-04
5.820736405439674854e-04
5.843216204084455967e-04
5.913645145483314991e-04
5.847982829436659813e-04
5.865030107088387012e-04
5.849246517755091190e-04
5.842290702275931835e-04
5.815568147227168083e-04
5.831062444485723972e-04
5.854652845300734043e-04
5.867182044312357903e-04
5.889178719371557236e-04
5.856067291460931301e-04
5.837996141053736210e-04
5.862928228452801704e-04
5.848368746228516102e-04
5.812325398437678814e-04
5.821146769449114799e-04
5.867761210538446903e-04
5.826702690683305264e-04
5.823657847940921783e-04
5.850228480994701385e-04
5.851125461049377918e-04
5.817767232656478882e-04
5.806435947306454182e-04
5.885206628590822220e-04
5.802626255899667740e-04
5.812339368276298046e-04
5.828326102346181870e-04
5.831021699123084545e-04
5.793628515675663948e-04
5.810392322018742561e-04
5.832887836731970310e-04
5.806375411339104176e-04
5.836829077452421188e-04
5.793461459688842297e-04
5.838500801473855972e-04
5.830998998135328293e-04
5.821564700454473495e-04
5.834691692143678665e-04
5.784669774584472179e-04
5.851662717759609222e-04
5.781874060630798340e-04
5.802779342047870159e-04
5.813599564135074615e-04
5.799043574370443821e-04
5.848881555721163750e-04
5.835988558828830719e-04
5.812484305351972580e-04
5.765642272308468819e-04
5.795985343866050243e-04
5.797423655167222023e-04
5.798115744255483150e-04
5.802933010272681713e-04
5.825603147968649864e-04
5.817855708301067352e-04
5.819229409098625183e-04
5.830058944411575794e-04
5.790094146504998207e-04
5.836899508722126484e-04
5.780598730780184269e-04
5.822635139338672161e-04
5.820707883685827255e-04
5.817422061227262020e-04
5.796129698865115643e-04
5.766474059782922268e-04
5.798425409011542797e-04
5.783415981568396091e-04
5.766408285126090050e-04
5.755564197897911072e-04
5.778490449301898479e-04
5.790709401480853558e-04
5.814603646285831928e-04
5.760546773672103882e-04
5.785782122984528542e-04
5.768064293079078197e-04
5.752698052674531937e-04
5.759955965913832188e-04
5.747383693233132362e-04
5.772916483692824841e-04
5.792625597678124905e-04
5.878309020772576332e-04
5.780704668723046780e-04
5.807598354294896126e-04
5.778215709142386913e-04
5.752838333137333393e-04
5.753229488618671894e-04
5.769997369498014450e-04
5.762359360232949257e-04
5.776559119112789631e-04
5.752654396928846836e-04
5.773189477622509003e-04
5.735066952183842659e-04
5.774750607088208199e-04
5.748334224335849285e-04
5.731442943215370178e-04
5.784334498457610607e-04
5.743333604186773300e-04
5.745847593061625957e-04
5.763288936577737331e-04
5.747248069383203983e-04
5.744684021919965744e-04
5.731524433940649033e-04
5.722108762711286545e-04
5.750896525569260120e-04
5.727258976548910141e-04
5.737033206969499588e-04
5.736553575843572617e-04
5.758128827437758446e-04
5.747271934524178505e-04
5.744154332205653191e-04
5.753536242991685867e-04
5.758776678703725338e-04
5.765881505794823170e-04
5.742799839936196804e-04
5.736717721447348595e-04
5.736273596994578838e-04
5.730018019676208496e-04
5.730213015340268612e-04
5.721191992051899433e-04
5.712338024750351906e-04
5.740370834246277809e-04
5.704190116375684738e-04
5.754773737862706184e-04
5.741813220083713531e-04
5.737129831686615944e-04
5.707762320525944233e-04
5.715655279345810413e-04
5.740451160818338394e-04
5.702730268239974976e-04
5.725437076762318611e-04
5.722166388295590878e-04
5.741493660025298595e-04
5.730026168748736382e-04
5.725325900129973888e-04
5.710021359845995903e-04
5.737364408560097218e-04
5.708821699954569340e-04
5.714170401915907860e-04
5.733543075621128082e-04
5.694864667020738125e-04
5.707808304578065872e-04
5.698247114196419716e-04
5.723981303162872791e-04
5.692472332157194614e-04
5.721190245822072029e-04
5.727389361709356308e-04
5.731519777327775955e-04
5.703450879082083702e-04
5.679287132807075977e-04
5.720420158468186855e-04
5.724671063944697380e-04
5.700368783436715603e-04
5.710667464882135391e-04
5.698040477000176907e-04
5.704195937141776085e-04
5.703282658942043781e-04
5.702555645257234573e-04
5.708248936571180820e-04
5.695266299881041050e-04
5.718267639167606831e-04
5.681905313394963741e-04
5.696731968782842159e-04
5.693214479833841324e-04
5.681194015778601170e-04
5.703021888621151447e-04
5.692106205970048904e-04
5.692269769497215748e-04
5.688384408131241798e-04
5.685231881216168404e-04
5.683449562638998032e-04
5.696275620721280575e-04
5.698212189599871635e-04
5.703790229745209217e-04
5.690889665856957436e-04
5.703527131117880344e-04
5.683757481165230274e-04
5.683004856109619141e-04
5.665053031407296658e-04
5.679144524037837982e-04
5.674620624631643295e-04
5.676369764842092991e-04
5.674764397554099560e-04
5.653090775012969971e-04
5.665211938321590424e-04
5.683451890945434570e-04
5.677347653545439243e-04
5.677514127455651760e-04
5.685476935468614101e-04
5.672384286299347878e-04
5.661300383508205414e-04
5.648631486110389233e-04
5.649868398904800415e-04
5.669600795954465866e-04
5.669966340065002441e-04
5.681518814526498318e-04
5.644113407470285892e-04
5.669131060130894184e-04
5.655912682414054871e-04
5.678273737430572510e-04
5.661519244313240051e-04
5.648934165947139263e-04
5.684667266905307770e-04
5.661114701069891453e-04
5.647062789648771286e-04
5.657545407302677631e-04
5.684093339368700981e-04
5.659919115714728832e-04
5.665001808665692806e-04
5.651794490404427052e-04
5.659759626723825932e-04
5.668139201588928699e-04
5.676420405507087708e-04
5.667044315487146378e-04
5.666076904162764549e-04
5.669746897183358669e-04
5.647193756885826588e-04
5.645173368975520134e-04
5.677607259713113308e-04
5.636636633425951004e-04
5.650020902976393700e-04
5.653586122207343578e-04
5.649283993989229202e-04
5.671540857292711735e-04
5.664417403750121593e-04
5.662462790496647358e-04
5.651419050991535187e-04
5.648445803672075272e-04
5.628764047287404537e-04
5.652614636346697807e-04
5.645405035465955734e-04
5.649111699312925339e-04
5.669742240570485592e-04
5.635102861560881138e-04
5.645609926432371140e-04
5.664915079250931740e-04
5.644136108458042145e-04
5.649814847856760025e-04
5.654806154780089855e-04
5.646519130095839500e-04
5.648175138048827648e-04
5.614542751573026180e-04
5.667725345119833946e-04
5.642035976052284241e-04
5.656763678416609764e-04
5.643684417009353638e-04
5.644888733513653278e-04
5.634662811644375324e-04
5.625449120998382568e-04
5.622798344120383263e-04
5.646802019327878952e-04
5.650512175634503365e-04
5.615788395516574383e-04
5.622103344649076462e-04
5.619394942186772823e-04
5.639250157400965691e-04
5.648043588735163212e-04
5.638789152726531029e-04
5.630729719996452332e-04
5.641526076942682266e-04
5.636307178065180779e-04
5.633612745441496372e-04
5.631480016745626926e-04
5.629028892144560814e-04
5.648874794133007526e-04
5.625992780551314354e-04
5.629226216115057468e-04
5.623862962238490582e-04
5.627645296044647694e-04
5.616109119728207588e-04
5.624386831186711788e-04
5.614308174699544907e-04
5.614709225483238697e-04
5.642770556733012199e-04
5.620007868856191635e-04
5.631635431200265884e-04
5.637815920636057854e-04
5.625942139886319637e-04
5.631610983982682228e-04
5.621974705718457699e-04
5.610709195025265217e-04
5.639418959617614746e-04
5.618429277092218399e-04
5.622993921861052513e-04
5.631815292872488499e-04
5.637640133500099182e-04
5.617330316454172134e-04
5.621811142191290855e-04
5.623440374620258808e-04
5.615005502477288246e-04
5.619722069241106510e-04
5.622103344649076462e-04
5.626468919217586517e-04
5.612149252556264400e-04
5.622720927931368351e-04
5.599895957857370377e-04
5.606414633803069592e-04
5.605245241895318031e-04
5.597179988399147987e-04
5.595803377218544483e-04
5.607270868495106697e-04
5.616012495011091232e-04
5.609196959994733334e-04
5.611318629235029221e-04
5.610298831015825272e-04
5.603936151601374149e-04
5.605421029031276703e-04
5.606847116723656654e-04
5.584035534411668777e-04
5.616346606984734535e-04
5.596535047516226768e-04
5.610803491435945034e-04
5.609211511909961700e-04
5.603449535556137562e-04
5.613140529021620750e-04
5.597819108515977859e-04
5.603715544566512108e-04
5.600638105534017086e-04
5.581895820796489716e-04
5.602475139312446117e-04
5.591191584244370461e-04
5.602905293926596642e-04
5.603266181424260139e-04
5.598391289822757244e-04
5.608078208751976490e-04
5.596659029833972454e-04
5.592792876996099949e-04
5.572668742388486862e-04
5.591379012912511826e-04
5.590877262875437737e-04
5.600923905149102211e-04
5.603722529485821724e-04
5.574498791247606277e-04
5.600705626420676708e-04
5.591611843556165695e-04
5.587254418060183525e-04
5.607657949440181255e-04
5.584207829087972641e-04
5.582957528531551361e-04
5.581442383117973804e-04
5.576281109824776649e-04
5.587022169493138790e-04
5.586353363469243050e-04
5.600284202955663204e-04
5.582782323472201824e-04
5.578487180173397064e-04
5.587610648944973946e-04
5.581989535130560398e-04
5.594578105956315994e-04
5.597393610514700413e-04
5.581555888056755066e-04
5.583433667197823524e-04
5.596135160885751247e-04
5.583132733590900898e-04
5.573019734583795071e-04
5.589494830928742886e-04
5.573907983489334583e-04
5.585883627645671368e-04
5.597530980594456196e-04
5.583252059295773506e-04
5.575845716521143913e-04
5.583427264355123043e-04
5.574778770096600056e-04
5.572079680860042572e-04
5.574990063905715942e-04
5.590597284026443958e-04
5.583164165727794170e-04
5.580462166108191013e-04
5.561213474720716476e-04
5.571961519308388233e-04
5.576102412305772305e-04
5.573984235525131226e-04
5.578510463237762451e-04
5.572680383920669556e-04
5.570879438892006874e-04
5.586410989053547382e-04
5.588591448031365871e-04
5.578477284871041775e-04
5.572641966864466667e-04
5.581307341344654560e-04
5.573373637162148952e-04
5.581160075962543488e-04
5.568428314290940762e-04
5.571687361225485802e-04
5.568204796873033047e-04
5.558751872740685940e-04
5.561294965445995331e-04
5.566067993640899658e-04
5.572661757469177246e-04
5.564886378124356270e-04
5.569646600633859634e-04
5.562980659306049347e-04
5.574770038947463036e-04
5.559574929066002369e-04
5.568151245824992657e-04
5.559955025091767311e-04
5.562524893321096897e-04
5.557873519137501717e-04
5.569519125856459141e-04
5.575866089202463627e-04
5.568444612435996532e-04
5.559853743761777878e-04
5.578062846325337887e-04
5.571483634412288666e-04
5.567168118432164192e-04
5.570214125327765942e-04
5.556807736866176128e-04
5.570427747443318367e-04
5.573304370045661926e-04
5.564342136494815350e-04
5.556523101404309273e-04
5.569494678638875484e-04
5.562296719290316105e-04
5.573158850893378258e-04
5.560527788475155830e-04
5.551031790673732758e-04
5.554954987019300461e-04
5.567765329033136368e-04
5.566137260757386684e-04
5.552800721488893032e-04
5.564142484217882156e-04
5.553504452109336853e-04
5.554227391257882118e-04
5.564412567764520645e-04
5.553634255193173885e-04
5.561987636610865593e-04
5.561158177442848682e-04
5.554359522648155689e-04
5.559012060984969139e-04
5.552856600843369961e-04
5.546599859371781349e-04
5.553994560614228249e-04
5.554266972467303276e-04
5.552759394049644470e-04
5.556280957534909248e-04
5.555169191211462021e-04
5.549067864194512367e-04
5.557102849707007408e-04
5.541029386222362518e-04
5.556446849368512630e-04
5.549586494453251362e-04
5.543942679651081562e-04
5.548379849642515182e-04
5.550089990720152855e-04
5.569583736360073090e-04
5.561863654293119907e-04
5.550011992454528809e-04
5.562898586504161358e-04
5.541451391763985157e-04
5.560645950026810169e-04
5.550729110836982727e-04
5.550255300477147102e-04
5.555258831009268761e-04
5.564287421293556690e-04
5.549057386815547943e-04
5.557338008657097816e-04
5.540971760638058186e-04
5.547787295654416084e-04
5.541910650208592415e-04
5.541256396099925041e-04
5.541804712265729904e-04
5.546963657252490520e-04
5.548152839764952660e-04
5.555807729251682758e-04
5.537840770557522774e-04
5.558130796998739243e-04
5.538205150514841080e-04
5.539507255889475346e-04
5.546441534534096718e-04
5.549199413508176804e-04
5.545609164983034134e-04
5.537003162316977978e-04
5.547305918298661709e-04
5.547901382669806480e-04
5.536901880986988544e-04
5.543348379433155060e-04
5.535957170650362968e-04
5.545940366573631763e-04
5.541488644666969776e-04
5.547153996303677559e-04
5.533311050385236740e-04
5.550508503802120686e-04
5.534127703867852688e-04
5.542685976251959801e-04
5.536286626011133194e-04
5.539073026739060879e-04
5.539417616091668606e-04
5.546913598664104939e-04
5.533028161153197289e-04
5.551764043048024178e-04
5.541878635995090008e-04
5.541719729080796242e-04
5.536690587177872658e-04
5.529969930648803711e-04
5.530248745344579220e-04
5.535237723961472511e-04
5.548368790186941624e-04
5.543453735299408436e-04
5.532634095288813114e-04
5.533958319574594498e-04
5.531318602152168751e-04
5.544860614463686943e-04
5.537377437576651573e-04
5.535723175853490829e-04
5.534212687052786350e-04
