1.722532958984375000e+03
1.325017578125000000e+03
1.062362670898437500e+03
8.739590454101562500e+02
7.263773803710937500e+02
6.313590087890625000e+02
5.952680664062500000e+02
5.763841552734375000e+02
5.556441650390625000e+02
4.831211547851562500e+02
4.867839660644531250e+02
4.616996459960937500e+02
4.495757751464843750e+02
4.536813354492187500e+02
4.210088806152343750e+02
4.173858337402343750e+02
4.136221313476562500e+02
3.935661621093750000e+02
3.704986877441406250e+02
3.759821472167968750e+02
3.690422973632812500e+02
3.620168457031250000e+02
3.579716186523437500e+02
3.390995483398437500e+02
3.404575195312500000e+02
3.176087341308593750e+02
3.219217834472656250e+02
3.283859252929687500e+02
3.160764160156250000e+02
3.081347045898437500e+02
3.031268615722656250e+02
2.867660217285156250e+02
3.032015075683593750e+02
2.969320068359375000e+02
2.919196777343750000e+02
2.823531799316406250e+02
2.893145751953125000e+02
2.847952575683593750e+02
2.703814086914062500e+02
2.657339782714843750e+02
2.821219787597656250e+02
2.643426513671875000e+02
2.649506835937500000e+02
2.615806579589843750e+02
2.720970458984375000e+02
2.476663970947265625e+02
2.651166687011718750e+02
2.532271270751953125e+02
2.494757232666015625e+02
2.366799011230468750e+02
2.535002441406250000e+02
2.465003814697265625e+02
2.274142150878906250e+02
2.518725280761718750e+02
2.287554779052734375e+02
2.343712158203125000e+02
2.325429687500000000e+02
2.329273071289062500e+02
2.226363677978515625e+02
2.342773437500000000e+02
2.242787475585937500e+02
2.288244628906250000e+02
2.039715423583984375e+02
2.243485260009765625e+02
2.214769439697265625e+02
2.068198699951171875e+02
2.270290527343750000e+02
2.035390472412109375e+02
2.052787017822265625e+02
2.172205963134765625e+02
2.148800048828125000e+02
2.039400634765625000e+02
2.151063537597656250e+02
1.887736511230468750e+02
2.019922485351562500e+02
2.008131408691406250e+02
2.018412780761718750e+02
1.932319946289062500e+02
2.053687286376953125e+02
1.931601409912109375e+02
1.801704101562500000e+02
1.992851867675781250e+02
1.915218505859375000e+02
1.796835479736328125e+02
1.877932281494140625e+02
1.936753540039062500e+02
1.923958435058593750e+02
1.824929351806640625e+02
1.862684631347656250e+02
1.847036895751953125e+02
1.798676300048828125e+02
1.785200805664062500e+02
1.831738891601562500e+02
1.787516326904296875e+02
1.753926239013671875e+02
1.799710235595703125e+02
1.733158721923828125e+02
1.704355926513671875e+02
1.819898071289062500e+02
1.773093414306640625e+02
1.639208984375000000e+02
1.707649688720703125e+02
1.850686798095703125e+02
1.613919525146484375e+02
1.755004882812500000e+02
1.686822662353515625e+02
1.643542633056640625e+02
1.755240631103515625e+02
1.562568359375000000e+02
1.633676300048828125e+02
1.726411590576171875e+02
1.574127655029296875e+02
1.666743469238281250e+02
1.654387207031250000e+02
1.534456634521484375e+02
1.627057952880859375e+02
1.609542541503906250e+02
1.657260894775390625e+02
1.487475585937500000e+02
1.665244903564453125e+02
1.446520385742187500e+02
1.687586669921875000e+02
1.474315795898437500e+02
1.574776916503906250e+02
1.575852050781250000e+02
1.476832885742187500e+02
1.536336212158203125e+02
1.545189971923828125e+02
1.499292602539062500e+02
1.543029937744140625e+02
1.547921295166015625e+02
1.405592803955078125e+02
1.521243438720703125e+02
1.498355712890625000e+02
1.478526916503906250e+02
1.531404876708984375e+02
1.415561676025390625e+02
1.435444488525390625e+02
1.476890258789062500e+02
1.370117492675781250e+02
1.497578887939453125e+02
1.455065460205078125e+02
1.442763977050781250e+02
1.451589508056640625e+02
1.396385192871093750e+02
1.464668731689453125e+02
1.448546600341796875e+02
1.339558563232421875e+02
1.336356506347656250e+02
1.465050201416015625e+02
1.403152770996093750e+02
1.449199676513671875e+02
1.316596221923828125e+02
1.382557983398437500e+02
1.424027404785156250e+02
1.275812149047851562e+02
1.457071838378906250e+02
1.366137390136718750e+02
1.322544860839843750e+02
1.324376373291015625e+02
1.408709259033203125e+02
1.509929656982421875e+02
1.215047760009765625e+02
1.320219726562500000e+02
1.274460372924804688e+02
1.367667388916015625e+02
1.329483489990234375e+02
1.373163146972656250e+02
1.334850769042968750e+02
1.268820419311523438e+02
1.239439773559570312e+02
1.293994750976562500e+02
1.258282775878906250e+02
1.293885040283203125e+02
1.260896835327148438e+02
1.269623870849609375e+02
1.268395004272460938e+02
1.267670593261718750e+02
1.285040740966796875e+02
1.281909790039062500e+02
1.201041336059570312e+02
1.252447738647460938e+02
1.212586975097656250e+02
1.225481567382812500e+02
1.214559326171875000e+02
1.241267166137695312e+02
1.259425506591796875e+02
1.186410980224609375e+02
1.303481292724609375e+02
1.159515762329101562e+02
1.191140670776367188e+02
1.071295623779296875e+02
1.239837341308593750e+02
1.212758712768554688e+02
1.140325393676757812e+02
1.189168243408203125e+02
1.180544586181640625e+02
1.278532714843750000e+02
1.200009918212890625e+02
1.126514663696289062e+02
1.212423553466796875e+02
1.158060379028320312e+02
1.180360031127929688e+02
1.183748931884765625e+02
1.113179779052734375e+02
1.134197235107421875e+02
1.091294174194335938e+02
1.169622268676757812e+02
1.139920883178710938e+02
1.111517791748046875e+02
1.107291870117187500e+02
1.095123443603515625e+02
1.215416946411132812e+02
1.022161865234375000e+02
1.190716247558593750e+02
1.086221466064453125e+02
1.123033142089843750e+02
1.063153610229492188e+02
1.149764938354492188e+02
1.025387191772460938e+02
1.120266952514648438e+02
1.083640670776367188e+02
1.070731430053710938e+02
1.113314514160156250e+02
1.031380462646484375e+02
1.035709609985351562e+02
1.095326385498046875e+02
1.043699111938476562e+02
1.070116348266601562e+02
1.132400131225585938e+02
1.073703079223632812e+02
1.057837066650390625e+02
1.069108428955078125e+02
1.089643096923828125e+02
9.954248046875000000e+01
1.011903686523437500e+02
1.023707427978515625e+02
1.070957717895507812e+02
1.035928421020507812e+02
1.035335693359375000e+02
1.000160369873046875e+02
1.016886291503906250e+02
9.903827667236328125e+01
9.884270477294921875e+01
1.080044937133789062e+02
9.739695739746093750e+01
1.013779678344726562e+02
1.018788375854492188e+02
1.047660217285156250e+02
9.982401275634765625e+01
1.016468811035156250e+02
1.027824020385742188e+02
9.700672912597656250e+01
1.024688720703125000e+02
9.491262817382812500e+01
1.006114273071289062e+02
9.990246582031250000e+01
9.902514648437500000e+01
9.926163482666015625e+01
1.019199295043945312e+02
1.022766952514648438e+02
9.118400573730468750e+01
1.021018600463867188e+02
9.549622344970703125e+01
9.736656188964843750e+01
9.905261993408203125e+01
9.208596038818359375e+01
1.086269607543945312e+02
8.877040100097656250e+01
1.022189483642578125e+02
9.057160186767578125e+01
8.908179473876953125e+01
9.684471893310546875e+01
8.917437744140625000e+01
9.905786132812500000e+01
9.495002746582031250e+01
9.608725738525390625e+01
8.785315704345703125e+01
9.973182678222656250e+01
8.999411773681640625e+01
8.942256927490234375e+01
9.622447967529296875e+01
9.468019866943359375e+01
9.557841491699218750e+01
9.762712860107421875e+01
8.246659851074218750e+01
9.583416748046875000e+01
9.119995880126953125e+01
8.599368286132812500e+01
9.384976959228515625e+01
8.804901885986328125e+01
9.416757965087890625e+01
9.182834625244140625e+01
8.735791778564453125e+01
9.377252960205078125e+01
9.032950592041015625e+01
9.070970153808593750e+01
8.730846405029296875e+01
8.483263397216796875e+01
9.291378784179687500e+01
8.411037445068359375e+01
8.793663787841796875e+01
8.607763671875000000e+01
9.163079833984375000e+01
8.254042053222656250e+01
8.969561004638671875e+01
8.617127227783203125e+01
9.528297424316406250e+01
8.683032226562500000e+01
7.867449951171875000e+01
8.478588867187500000e+01
8.015238952636718750e+01
8.886303710937500000e+01
8.940657043457031250e+01
8.178079223632812500e+01
9.133399200439453125e+01
8.204604339599609375e+01
9.007208251953125000e+01
8.429401397705078125e+01
8.042300415039062500e+01
8.343363189697265625e+01
8.900193786621093750e+01
8.373048400878906250e+01
8.634313964843750000e+01
7.953723144531250000e+01
8.573301696777343750e+01
8.805632019042968750e+01
8.346692657470703125e+01
8.242324066162109375e+01
8.877610015869140625e+01
8.348187255859375000e+01
7.758753967285156250e+01
7.764271545410156250e+01
8.713954162597656250e+01
7.823738861083984375e+01
8.351036834716796875e+01
8.149019622802734375e+01
7.961322784423828125e+01
8.236389160156250000e+01
8.590870666503906250e+01
7.233990478515625000e+01
8.513038635253906250e+01
7.891521453857421875e+01
7.503507232666015625e+01
7.861543273925781250e+01
8.305381011962890625e+01
8.176410675048828125e+01
7.972121429443359375e+01
8.026321411132812500e+01
7.930023193359375000e+01
8.078361511230468750e+01
7.172830963134765625e+01
7.858217620849609375e+01
7.836287689208984375e+01
7.602514648437500000e+01
8.366197967529296875e+01
7.298526763916015625e+01
8.083781433105468750e+01
7.614277648925781250e+01
7.929514312744140625e+01
7.918238067626953125e+01
7.897067260742187500e+01
7.132657623291015625e+01
7.905031585693359375e+01
8.180574798583984375e+01
7.467946624755859375e+01
7.459558868408203125e+01
7.782656860351562500e+01
7.385569000244140625e+01
7.328397369384765625e+01
7.529558563232421875e+01
7.532991790771484375e+01
7.269388580322265625e+01
7.949988555908203125e+01
7.096233367919921875e+01
7.531920623779296875e+01
7.452054595947265625e+01
7.409277343750000000e+01
7.330242156982421875e+01
7.241382598876953125e+01
7.714374542236328125e+01
7.157861328125000000e+01
6.748777008056640625e+01
7.667400360107421875e+01
7.355578613281250000e+01
7.114063262939453125e+01
7.851184844970703125e+01
6.956870269775390625e+01
7.320958709716796875e+01
7.158419036865234375e+01
7.151684570312500000e+01
6.747389221191406250e+01
7.392798614501953125e+01
7.586046600341796875e+01
7.140598297119140625e+01
7.156490325927734375e+01
7.051965332031250000e+01
7.673194885253906250e+01
7.593570709228515625e+01
7.134916687011718750e+01
6.515078735351562500e+01
7.145476531982421875e+01
7.164566040039062500e+01
6.413131713867187500e+01
7.714269256591796875e+01
6.499272918701171875e+01
7.495368957519531250e+01
6.610343170166015625e+01
7.085205078125000000e+01
7.144564819335937500e+01
6.872779083251953125e+01
7.026134490966796875e+01
7.101143646240234375e+01
6.739114379882812500e+01
6.913297271728515625e+01
6.861426544189453125e+01
6.507528686523437500e+01
7.550331115722656250e+01
6.989948272705078125e+01
6.434971618652343750e+01
6.847570037841796875e+01
6.418795776367187500e+01
6.292840576171875000e+01
6.976600646972656250e+01
6.760452270507812500e+01
6.788715362548828125e+01
6.691947937011718750e+01
6.672522735595703125e+01
6.726478576660156250e+01
6.468083953857421875e+01
6.893524169921875000e+01
6.690026855468750000e+01
6.490823364257812500e+01
6.808688354492187500e+01
6.380381774902343750e+01
6.460317993164062500e+01
6.528117370605468750e+01
6.822880554199218750e+01
6.681076049804687500e+01
6.465972137451171875e+01
6.544387817382812500e+01
6.105403518676757812e+01
6.680643463134765625e+01
6.812214660644531250e+01
6.033923339843750000e+01
7.024522399902343750e+01
6.552671813964843750e+01
6.417604064941406250e+01
6.445143127441406250e+01
6.463161468505859375e+01
6.453836822509765625e+01
6.343130874633789062e+01
6.143832397460937500e+01
6.619435119628906250e+01
6.094757843017578125e+01
6.936863708496093750e+01
5.905038452148437500e+01
6.207285308837890625e+01
6.373480987548828125e+01
6.563507080078125000e+01
6.257447433471679688e+01
5.999229049682617188e+01
6.505462646484375000e+01
6.276498413085937500e+01
6.568076324462890625e+01
6.113289260864257812e+01
6.185787582397460938e+01
6.468726348876953125e+01
5.930156707763671875e+01
6.391227340698242188e+01
5.870098114013671875e+01
6.173060607910156250e+01
6.265724563598632812e+01
5.921033096313476562e+01
6.039671325683593750e+01
6.733181762695312500e+01
5.589355468750000000e+01
6.038856506347656250e+01
6.407735443115234375e+01
6.192671585083007812e+01
6.276442337036132812e+01
5.751890945434570312e+01
6.063462829589843750e+01
6.172594451904296875e+01
6.398350906372070312e+01
5.944202804565429688e+01
5.998589324951171875e+01
6.070626449584960938e+01
5.585017013549804688e+01
5.966123580932617188e+01
5.781911468505859375e+01
6.143533706665039062e+01
6.102447509765625000e+01
5.716508102416992188e+01
6.122376632690429688e+01
5.904538726806640625e+01
5.919123458862304688e+01
6.021688079833984375e+01
5.783045196533203125e+01
6.029282760620117188e+01
5.878334426879882812e+01
6.017161560058593750e+01
5.678605651855468750e+01
6.027777099609375000e+01
5.925570297241210938e+01
5.769951248168945312e+01
5.598265838623046875e+01
6.094108581542968750e+01
6.138461303710937500e+01
5.821886825561523438e+01
5.678953170776367188e+01
6.090704727172851562e+01
6.088101196289062500e+01
5.764582824707031250e+01
5.974840164184570312e+01
5.635606765747070312e+01
5.674345779418945312e+01
5.844769668579101562e+01
5.806834793090820312e+01
5.550797271728515625e+01
5.553475952148437500e+01
5.801364517211914062e+01
5.533012390136718750e+01
5.891097640991210938e+01
5.365882873535156250e+01
5.646784591674804688e+01
5.996522903442382812e+01
5.825288391113281250e+01
5.521347427368164062e+01
5.424228668212890625e+01
5.480788040161132812e+01
5.483014297485351562e+01
5.815031433105468750e+01
5.620302200317382812e+01
5.517594909667968750e+01
5.232166290283203125e+01
5.552955245971679688e+01
5.431083297729492188e+01
5.568922805786132812e+01
5.437073898315429688e+01
5.410388183593750000e+01
5.340703964233398438e+01
5.727278137207031250e+01
5.392611312866210938e+01
5.391839599609375000e+01
5.340822219848632812e+01
5.449991989135742188e+01
5.392535018920898438e+01
5.619433593750000000e+01
5.800201797485351562e+01
5.266489791870117188e+01
5.130572128295898438e+01
5.513576126098632812e+01
5.519562911987304688e+01
5.428409194946289062e+01
5.610862350463867188e+01
5.293231964111328125e+01
5.370029067993164062e+01
5.422378921508789062e+01
5.194781875610351562e+01
5.596783828735351562e+01
5.427346801757812500e+01
5.311245727539062500e+01
5.126045227050781250e+01
5.548287963867187500e+01
5.400437164306640625e+01
5.223750305175781250e+01
4.912396621704101562e+01
5.239789199829101562e+01
5.501501846313476562e+01
5.164300537109375000e+01
5.699691009521484375e+01
5.017082977294921875e+01
5.070671463012695312e+01
5.063718414306640625e+01
4.947957611083984375e+01
5.276962280273437500e+01
5.235496139526367188e+01
5.038366317749023438e+01
4.951523971557617188e+01
5.141787338256835938e+01
4.937383270263671875e+01
5.021384048461914062e+01
5.102125549316406250e+01
4.991418838500976562e+01
4.971651458740234375e+01
5.221124649047851562e+01
5.066381835937500000e+01
4.912400436401367188e+01
4.981822967529296875e+01
4.900162887573242188e+01
5.118028640747070312e+01
5.205336761474609375e+01
4.968302154541015625e+01
4.884054183959960938e+01
4.787754058837890625e+01
5.060626983642578125e+01
5.281204986572265625e+01
4.684048461914062500e+01
4.823310470581054688e+01
5.118627929687500000e+01
4.867759323120117188e+01
4.950645065307617188e+01
4.706231689453125000e+01
5.107872009277343750e+01
4.843927383422851562e+01
5.049227905273437500e+01
4.622868347167968750e+01
4.742587661743164062e+01
4.917930984497070312e+01
4.679501724243164062e+01
4.912406921386718750e+01
4.686103820800781250e+01
4.760892105102539062e+01
4.870459365844726562e+01
4.778472900390625000e+01
4.924935913085937500e+01
4.719638442993164062e+01
4.863391876220703125e+01
4.933164596557617188e+01
4.719404983520507812e+01
4.672983169555664062e+01
4.697581863403320312e+01
5.407730865478515625e+01
4.566038131713867188e+01
4.715173339843750000e+01
4.625115966796875000e+01
4.842618942260742188e+01
4.555451583862304688e+01
4.866817092895507812e+01
4.577017593383789062e+01
4.965835571289062500e+01
4.641895675659179688e+01
4.753956985473632812e+01
4.627418899536132812e+01
4.821091842651367188e+01
4.589212417602539062e+01
4.820545196533203125e+01
4.726427078247070312e+01
4.753197479248046875e+01
4.643181228637695312e+01
4.674339294433593750e+01
4.600874710083007812e+01
4.720527267456054688e+01
4.473115539550781250e+01
4.835092163085937500e+01
4.600161361694335938e+01
4.520014953613281250e+01
4.536275863647460938e+01
4.848087310791015625e+01
4.416055679321289062e+01
4.672307968139648438e+01
4.717012786865234375e+01
4.395419692993164062e+01
4.354639816284179688e+01
4.633525848388671875e+01
4.652426147460937500e+01
4.579873275756835938e+01
4.695601272583007812e+01
4.366629028320312500e+01
4.441622161865234375e+01
4.729333496093750000e+01
4.437833023071289062e+01
4.471952819824218750e+01
4.500249481201171875e+01
4.460844039916992188e+01
4.404292678833007812e+01
4.460567855834960938e+01
4.536087799072265625e+01
4.702398681640625000e+01
4.321547698974609375e+01
4.473550415039062500e+01
4.672784805297851562e+01
4.428433990478515625e+01
4.399472045898437500e+01
4.377951812744140625e+01
4.735145950317382812e+01
4.438551712036132812e+01
4.748850250244140625e+01
4.114612960815429688e+01
4.275457000732421875e+01
4.408893585205078125e+01
4.262702178955078125e+01
4.828918838500976562e+01
4.395122909545898438e+01
4.335258102416992188e+01
4.295610427856445312e+01
4.230059432983398438e+01
4.411934280395507812e+01
4.386526489257812500e+01
4.102128982543945312e+01
4.329893875122070312e+01
4.257161331176757812e+01
4.270220565795898438e+01
4.281165695190429688e+01
4.201535415649414062e+01
4.458111190795898438e+01
4.053148651123046875e+01
4.393877029418945312e+01
4.188772964477539062e+01
4.312326049804687500e+01
4.258796691894531250e+01
4.297461318969726562e+01
4.253369903564453125e+01
4.252096176147460938e+01
4.207731628417968750e+01
4.271372222900390625e+01
4.148453521728515625e+01
4.346435546875000000e+01
4.160154724121093750e+01
4.219824981689453125e+01
4.165876007080078125e+01
4.203748321533203125e+01
4.152100753784179688e+01
4.200682830810546875e+01
4.323167037963867188e+01
4.310802078247070312e+01
4.034359741210937500e+01
4.249361419677734375e+01
4.139428710937500000e+01
4.190510177612304688e+01
4.135656356811523438e+01
3.982202148437500000e+01
4.043613815307617188e+01
4.367715835571289062e+01
4.076450729370117188e+01
4.148879623413085938e+01
4.245034408569335938e+01
4.115006256103515625e+01
3.920990371704101562e+01
4.127719879150390625e+01
3.948799896240234375e+01
4.295057296752929688e+01
4.255524826049804688e+01
4.060406494140625000e+01
3.906129837036132812e+01
4.243265533447265625e+01
4.055989837646484375e+01
4.165579605102539062e+01
4.084278106689453125e+01
3.889002990722656250e+01
3.937232971191406250e+01
4.013014984130859375e+01
4.119967651367187500e+01
3.952389907836914062e+01
3.814047241210937500e+01
4.069727325439453125e+01
4.135123443603515625e+01
3.931397247314453125e+01
3.871678161621093750e+01
3.962138366699218750e+01
4.035030364990234375e+01
3.951298141479492188e+01
3.945733642578125000e+01
4.060240173339843750e+01
3.837230300903320312e+01
4.025403594970703125e+01
3.946507263183593750e+01
3.938605499267578125e+01
3.900258636474609375e+01
3.951955413818359375e+01
3.833621597290039062e+01
4.055967712402343750e+01
3.837874984741210938e+01
3.845690536499023438e+01
3.862674331665039062e+01
3.782920074462890625e+01
3.986121749877929688e+01
3.839223861694335938e+01
4.000138092041015625e+01
3.836286926269531250e+01
4.073667526245117188e+01
3.903817749023437500e+01
3.721162796020507812e+01
3.824438095092773438e+01
3.841335678100585938e+01
3.939633560180664062e+01
3.747732543945312500e+01
3.948794937133789062e+01
3.887286758422851562e+01
3.830146789550781250e+01
3.697620391845703125e+01
3.788127517700195312e+01
3.962836456298828125e+01
3.610372924804687500e+01
3.905830001831054688e+01
3.790064620971679688e+01
3.792945480346679688e+01
3.952186584472656250e+01
3.540069580078125000e+01
3.937557601928710938e+01
3.697914123535156250e+01
3.718163299560546875e+01
3.890054321289062500e+01
3.675244903564453125e+01
3.795624923706054688e+01
3.807742691040039062e+01
3.792084121704101562e+01
3.701343536376953125e+01
3.709277343750000000e+01
3.849833297729492188e+01
3.743091583251953125e+01
3.776823043823242188e+01
3.694809341430664062e+01
3.820755004882812500e+01
3.736223602294921875e+01
3.560261535644531250e+01
3.842007827758789062e+01
3.694355773925781250e+01
3.623072433471679688e+01
3.705231094360351562e+01
3.587787246704101562e+01
3.658836746215820312e+01
3.778788757324218750e+01
3.627401351928710938e+01
3.615861511230468750e+01
3.542712402343750000e+01
3.781212997436523438e+01
3.644674682617187500e+01
3.594889831542968750e+01
3.626813125610351562e+01
3.592656707763671875e+01
3.753265762329101562e+01
3.692008209228515625e+01
3.616329574584960938e+01
3.437344741821289062e+01
3.620194625854492188e+01
3.513359832763671875e+01
3.769771575927734375e+01
3.468523025512695312e+01
3.734080886840820312e+01
3.486996841430664062e+01
3.677058410644531250e+01
3.749179840087890625e+01
3.538124084472656250e+01
3.505175399780273438e+01
3.666257095336914062e+01
3.510932159423828125e+01
3.604816436767578125e+01
3.512655258178710938e+01
3.668000793457031250e+01
3.638555908203125000e+01
3.573906326293945312e+01
3.549703598022460938e+01
3.533022308349609375e+01
3.606300735473632812e+01
3.407106399536132812e+01
3.412909698486328125e+01
3.489466094970703125e+01
3.431055831909179688e+01
3.547439575195312500e+01
3.594005584716796875e+01
3.477573013305664062e+01
3.490592956542968750e+01
3.396078872680664062e+01
3.302850341796875000e+01
3.447045135498046875e+01
3.557568740844726562e+01
3.459274673461914062e+01
3.680858993530273438e+01
3.357601547241210938e+01
3.530130386352539062e+01
3.493723297119140625e+01
3.398006057739257812e+01
3.222918701171875000e+01
3.497635269165039062e+01
3.464393615722656250e+01
3.468742752075195312e+01
3.452515411376953125e+01
3.434386444091796875e+01
3.442576980590820312e+01
3.506845855712890625e+01
3.361016845703125000e+01
3.325212860107421875e+01
3.372874450683593750e+01
3.353162002563476562e+01
3.477106094360351562e+01
3.383727264404296875e+01
3.449081039428710938e+01
3.326985549926757812e+01
3.335559082031250000e+01
3.395518875122070312e+01
3.299913024902343750e+01
3.374214172363281250e+01
3.498567581176757812e+01
3.363923263549804688e+01
3.310461425781250000e+01
3.253416824340820312e+01
3.289548110961914062e+01
3.212883758544921875e+01
3.465130615234375000e+01
3.398763275146484375e+01
3.369235610961914062e+01
3.305243682861328125e+01
3.317670440673828125e+01
3.399264907836914062e+01
3.196728324890136719e+01
3.211882400512695312e+01
3.334523010253906250e+01
3.244409561157226562e+01
3.462425613403320312e+01
3.307399749755859375e+01
3.335221099853515625e+01
3.352175903320312500e+01
3.356423950195312500e+01
3.333255004882812500e+01
3.391449356079101562e+01
3.349641036987304688e+01
3.351998138427734375e+01
3.253243637084960938e+01
3.244525527954101562e+01
3.352184295654296875e+01
3.239521026611328125e+01
3.219656753540039062e+01
3.240343475341796875e+01
3.328000259399414062e+01
3.240588760375976562e+01
3.257759857177734375e+01
3.275026321411132812e+01
3.221268081665039062e+01
3.302613830566406250e+01
3.191241455078125000e+01
3.301494216918945312e+01
3.227053833007812500e+01
3.171985054016113281e+01
3.219152832031250000e+01
3.239514923095703125e+01
3.216683197021484375e+01
3.149805068969726562e+01
3.212553787231445312e+01
3.371525955200195312e+01
3.190073966979980469e+01
3.161775207519531250e+01
3.200065612792968750e+01
3.206388092041015625e+01
3.253132629394531250e+01
3.255501556396484375e+01
3.138358879089355469e+01
3.091980934143066406e+01
3.253797912597656250e+01
3.206459045410156250e+01
3.106761169433593750e+01
3.177058601379394531e+01
3.162844276428222656e+01
3.088055229187011719e+01
3.228192901611328125e+01
3.297871017456054688e+01
3.132533645629882812e+01
3.159884643554687500e+01
3.154736328125000000e+01
3.199360847473144531e+01
3.143728637695312500e+01
3.213328552246093750e+01
3.103980636596679688e+01
3.148612213134765625e+01
3.181969642639160156e+01
3.153083419799804688e+01
3.110762023925781250e+01
3.098600196838378906e+01
3.147369384765625000e+01
3.122212600708007812e+01
3.015897941589355469e+01
3.029694938659667969e+01
3.119474029541015625e+01
3.135258865356445312e+01
3.191972923278808594e+01
3.035921096801757812e+01
3.047165679931640625e+01
3.131246566772460938e+01
3.068939971923828125e+01
3.082440567016601562e+01
3.061397171020507812e+01
3.100424003601074219e+01
3.144621086120605469e+01
2.936894035339355469e+01
3.125824546813964844e+01
3.076659965515136719e+01
3.117819404602050781e+01
3.108183670043945312e+01
3.067441368103027344e+01
3.063118934631347656e+01
3.049329948425292969e+01
3.027638053894042969e+01
3.138856315612792969e+01
2.966244888305664062e+01
2.908247184753417969e+01
3.053015708923339844e+01
3.047514533996582031e+01
3.083017730712890625e+01
3.006927108764648438e+01
3.013277435302734375e+01
3.012527465820312500e+01
2.922461128234863281e+01
3.036152648925781250e+01
2.993957138061523438e+01
3.043079757690429688e+01
2.969148254394531250e+01
2.950520515441894531e+01
2.927494239807128906e+01
3.045059967041015625e+01
3.102444267272949219e+01
2.872218513488769531e+01
3.034971427917480469e+01
3.047836875915527344e+01
3.019657516479492188e+01
3.048710632324218750e+01
2.979232215881347656e+01
2.990584373474121094e+01
2.879514503479003906e+01
2.930698776245117188e+01
2.948880195617675781e+01
2.940500068664550781e+01
2.996919631958007812e+01
2.922017669677734375e+01
2.967919921875000000e+01
2.969232940673828125e+01
2.936961174011230469e+01
2.874795722961425781e+01
2.839466857910156250e+01
3.047400093078613281e+01
2.826832771301269531e+01
2.926230621337890625e+01
2.954403114318847656e+01
2.935870933532714844e+01
2.921191978454589844e+01
2.964095115661621094e+01
2.901479339599609375e+01
3.018598937988281250e+01
2.885257911682128906e+01
2.889501190185546875e+01
2.890004539489746094e+01
2.921268272399902344e+01
2.837917709350585938e+01
2.956934928894042969e+01
2.834801673889160156e+01
2.899915122985839844e+01
2.912533378601074219e+01
2.832484054565429688e+01
2.908928489685058594e+01
2.786904335021972656e+01
2.948407745361328125e+01
2.901886940002441406e+01
2.856246376037597656e+01
2.891605186462402344e+01
2.806451797485351562e+01
2.828299522399902344e+01
2.943953132629394531e+01
2.914453506469726562e+01
2.816322517395019531e+01
2.887894630432128906e+01
2.886573982238769531e+01
2.899509048461914062e+01
2.856579208374023438e+01
2.858979797363281250e+01
2.872650527954101562e+01
2.843286895751953125e+01
2.874382019042968750e+01
2.764042854309082031e+01
2.803219413757324219e+01
2.860586929321289062e+01
2.785036849975585938e+01
2.867793655395507812e+01
2.827535629272460938e+01
2.876684379577636719e+01
2.844776344299316406e+01
2.833532905578613281e+01
2.784158325195312500e+01
2.866032600402832031e+01
2.759122085571289062e+01
2.892137145996093750e+01
2.778572082519531250e+01
2.728806495666503906e+01
2.905296325683593750e+01
2.778811645507812500e+01
2.745887184143066406e+01
2.770297431945800781e+01
2.785891723632812500e+01
2.804393768310546875e+01
2.872837066650390625e+01
2.739358520507812500e+01
2.764511680603027344e+01
2.849760246276855469e+01
2.749635696411132812e+01
2.866603469848632812e+01
2.671402359008789062e+01
2.710419464111328125e+01
2.728593063354492188e+01
2.772103118896484375e+01
2.772803497314453125e+01
2.773558235168457031e+01
2.711779403686523438e+01
2.789607429504394531e+01
2.829425621032714844e+01
2.639702224731445312e+01
2.790523719787597656e+01
2.690271377563476562e+01
2.761926651000976562e+01
2.671498870849609375e+01
2.722892570495605469e+01
2.811317443847656250e+01
2.728836822509765625e+01
2.698575973510742188e+01
2.720505905151367188e+01
2.701956367492675781e+01
2.695496559143066406e+01
2.622670364379882812e+01
2.745588874816894531e+01
2.719204521179199219e+01
2.731809997558593750e+01
2.734272575378417969e+01
2.725038337707519531e+01
2.689212036132812500e+01
2.717980003356933594e+01
2.740704917907714844e+01
2.694653701782226562e+01
2.717336082458496094e+01
2.732756042480468750e+01
2.752812576293945312e+01
2.691242599487304688e+01
2.718630027770996094e+01
2.603698921203613281e+01
2.655132865905761719e+01
2.764835166931152344e+01
2.718654060363769531e+01
2.703791427612304688e+01
2.675863456726074219e+01
2.716573333740234375e+01
2.743378257751464844e+01
2.683760643005371094e+01
2.665132331848144531e+01
2.644775390625000000e+01
2.653032493591308594e+01
2.718442916870117188e+01
2.659655380249023438e+01
2.704146194458007812e+01
2.698085784912109375e+01
2.655294036865234375e+01
2.701276588439941406e+01
2.600599098205566406e+01
2.620895767211914062e+01
2.654314804077148438e+01
2.725081062316894531e+01
2.640570640563964844e+01
2.622772216796875000e+01
2.659566307067871094e+01
2.708595466613769531e+01
2.605718040466308594e+01
2.699870872497558594e+01
2.564039421081542969e+01
2.653306007385253906e+01
2.641286087036132812e+01
2.570808029174804688e+01
2.674962806701660156e+01
2.671300315856933594e+01
2.638952064514160156e+01
2.623865509033203125e+01
2.587790870666503906e+01
2.591461944580078125e+01
2.697185134887695312e+01
2.623606300354003906e+01
2.617181205749511719e+01
2.592308807373046875e+01
2.588282775878906250e+01
2.616730499267578125e+01
2.627137756347656250e+01
2.621755409240722656e+01
2.580426216125488281e+01
2.633835983276367188e+01
2.640676498413085938e+01
2.603510856628417969e+01
2.560270309448242188e+01
2.638971710205078125e+01
2.690669631958007812e+01
2.539369773864746094e+01
2.683402824401855469e+01
2.599188232421875000e+01
2.522905731201171875e+01
2.646303939819335938e+01
2.594414901733398438e+01
2.613979911804199219e+01
2.560916900634765625e+01
2.594154930114746094e+01
2.544070625305175781e+01
2.544034767150878906e+01
2.514626502990722656e+01
2.646629905700683594e+01
2.533532524108886719e+01
2.550723075866699219e+01
2.565406227111816406e+01
2.523738479614257812e+01
2.565474891662597656e+01
2.572819519042968750e+01
2.567086219787597656e+01
2.527595520019531250e+01
2.549747657775878906e+01
2.577677154541015625e+01
2.540944480895996094e+01
2.578528213500976562e+01
2.556409454345703125e+01
2.539444923400878906e+01
2.495790481567382812e+01
2.576749801635742188e+01
2.584142494201660156e+01
2.546732521057128906e+01
2.509182929992675781e+01
2.549578857421875000e+01
2.569916534423828125e+01
2.484654045104980469e+01
2.535424613952636719e+01
2.521798324584960938e+01
2.500358772277832031e+01
2.576106262207031250e+01
2.562151145935058594e+01
2.519642639160156250e+01
2.535296249389648438e+01
2.529492950439453125e+01
2.469393157958984375e+01
2.525461387634277344e+01
2.538331413269042969e+01
2.524806594848632812e+01
2.502968215942382812e+01
2.486417961120605469e+01
2.481384086608886719e+01
2.507801055908203125e+01
2.508202934265136719e+01
2.505061149597167969e+01
2.528921699523925781e+01
2.464983177185058594e+01
2.496975517272949219e+01
2.476753425598144531e+01
2.467277908325195312e+01
2.511291694641113281e+01
2.487276077270507812e+01
2.485558509826660156e+01
2.457728004455566406e+01
2.453842353820800781e+01
2.532282829284667969e+01
2.519437789916992188e+01
2.501798820495605469e+01
2.499352264404296875e+01
2.443277740478515625e+01
2.466188240051269531e+01
2.422136497497558594e+01
2.556645965576171875e+01
2.481338500976562500e+01
2.447331237792968750e+01
2.461231994628906250e+01
2.442126655578613281e+01
2.483871459960937500e+01
2.462414550781250000e+01
2.426287460327148438e+01
2.441127204895019531e+01
2.464337348937988281e+01
2.426339912414550781e+01
2.463454246520996094e+01
2.499850654602050781e+01
2.467376518249511719e+01
2.440777969360351562e+01
2.467512893676757812e+01
2.432623100280761719e+01
2.475130271911621094e+01
2.460367393493652344e+01
2.436100769042968750e+01
2.453268241882324219e+01
2.413576316833496094e+01
2.422101402282714844e+01
2.459360504150390625e+01
2.407348060607910156e+01
2.439204216003417969e+01
2.428478622436523438e+01
2.492470359802246094e+01
2.453146362304687500e+01
2.412402534484863281e+01
2.469976234436035156e+01
2.428911209106445312e+01
2.427410888671875000e+01
2.417926597595214844e+01
2.398370933532714844e+01
2.420556640625000000e+01
2.406409645080566406e+01
2.408727645874023438e+01
2.419745635986328125e+01
2.468406295776367188e+01
2.432876205444335938e+01
2.404871940612792969e+01
2.397804260253906250e+01
2.414030265808105469e+01
2.415916061401367188e+01
2.384775161743164062e+01
2.456320190429687500e+01
2.414228057861328125e+01
2.428413391113281250e+01
2.388525199890136719e+01
2.468649673461914062e+01
2.411948204040527344e+01
2.397926330566406250e+01
2.376458930969238281e+01
2.378954505920410156e+01
2.397162055969238281e+01
2.403723907470703125e+01
2.372513580322265625e+01
2.436339187622070312e+01
2.435155677795410156e+01
2.391531944274902344e+01
2.399878311157226562e+01
2.336160659790039062e+01
2.405940818786621094e+01
2.376503372192382812e+01
2.328438377380371094e+01
2.368234062194824219e+01
2.385488319396972656e+01
2.403931427001953125e+01
2.448951911926269531e+01
2.313232994079589844e+01
2.365160179138183594e+01
2.375401687622070312e+01
2.345578765869140625e+01
2.369350242614746094e+01
2.382414054870605469e+01
2.384955215454101562e+01
2.416870498657226562e+01
2.362310028076171875e+01
2.357903099060058594e+01
2.395543479919433594e+01
2.370449066162109375e+01
2.418404579162597656e+01
2.361404228210449219e+01
2.364480972290039062e+01
2.346944808959960938e+01
2.407512092590332031e+01
2.335063362121582031e+01
2.372617340087890625e+01
2.363804054260253906e+01
2.339516258239746094e+01
2.338942909240722656e+01
2.359822082519531250e+01
2.336337661743164062e+01
2.331389808654785156e+01
2.364743423461914062e+01
2.367105484008789062e+01
2.327530288696289062e+01
2.347000503540039062e+01
2.313899803161621094e+01
2.367495155334472656e+01
2.339727783203125000e+01
2.317103576660156250e+01
2.322808074951171875e+01
2.305058288574218750e+01
2.311099433898925781e+01
2.322195434570312500e+01
2.347366905212402344e+01
2.383873367309570312e+01
2.356522941589355469e+01
2.314141082763671875e+01
2.359385490417480469e+01
2.364840507507324219e+01
2.309861183166503906e+01
2.326447868347167969e+01
2.329986572265625000e+01
2.330875015258789062e+01
2.346198654174804688e+01
2.326086807250976562e+01
2.317794418334960938e+01
2.362446975708007812e+01
2.322357749938964844e+01
2.320008087158203125e+01
2.331543159484863281e+01
2.318294715881347656e+01
2.342123985290527344e+01
2.306686782836914062e+01
2.314520072937011719e+01
2.357826995849609375e+01
2.280292701721191406e+01
2.307035827636718750e+01
2.350925445556640625e+01
2.321615982055664062e+01
2.308305931091308594e+01
2.299036788940429688e+01
2.328955078125000000e+01
2.287643623352050781e+01
2.347225570678710938e+01
2.293034362792968750e+01
2.333545494079589844e+01
2.288459014892578125e+01
2.323515319824218750e+01
2.307306671142578125e+01
2.308081054687500000e+01
2.300916290283203125e+01
2.267120933532714844e+01
2.314760017395019531e+01
2.306670188903808594e+01
2.286168289184570312e+01
2.300201797485351562e+01
2.309465217590332031e+01
2.264203643798828125e+01
2.261553764343261719e+01
2.275069236755371094e+01
2.338958549499511719e+01
2.295939636230468750e+01
2.315801811218261719e+01
2.290911102294921875e+01
2.318920135498046875e+01
2.269206237792968750e+01
2.266601181030273438e+01
2.259707069396972656e+01
2.271344566345214844e+01
2.285771369934082031e+01
2.260781478881835938e+01
2.264159202575683594e+01
2.275090980529785156e+01
2.295932006835937500e+01
2.256008911132812500e+01
2.271582794189453125e+01
2.270764923095703125e+01
2.269826316833496094e+01
2.278009986877441406e+01
2.279257202148437500e+01
2.265600776672363281e+01
2.251157188415527344e+01
2.308398628234863281e+01
2.279088783264160156e+01
2.266033744812011719e+01
2.232312011718750000e+01
2.264914512634277344e+01
2.277540588378906250e+01
2.248122787475585938e+01
2.261305046081542969e+01
2.258222389221191406e+01
2.252770042419433594e+01
2.260251235961914062e+01
2.216576957702636719e+01
2.261568069458007812e+01
2.274416542053222656e+01
2.248345184326171875e+01
2.217185211181640625e+01
2.239338493347167969e+01
2.261632347106933594e+01
2.272287750244140625e+01
2.255310630798339844e+01
2.238594818115234375e+01
2.255074501037597656e+01
2.254990196228027344e+01
2.237266159057617188e+01
2.250018692016601562e+01
2.269043540954589844e+01
2.237851333618164062e+01
2.211263847351074219e+01
2.229919052124023438e+01
2.232088088989257812e+01
2.227583503723144531e+01
2.241979217529296875e+01
2.233848381042480469e+01
2.244186782836914062e+01
2.247642517089843750e+01
2.262550926208496094e+01
2.210979843139648438e+01
2.226381111145019531e+01
2.234865379333496094e+01
2.228757476806640625e+01
2.250626182556152344e+01
2.232212638854980469e+01
2.223666763305664062e+01
2.219816398620605469e+01
2.228357505798339844e+01
2.222075271606445312e+01
2.196592521667480469e+01
2.230969429016113281e+01
2.224119377136230469e+01
2.222904968261718750e+01
2.191029548645019531e+01
2.210170364379882812e+01
2.199704933166503906e+01
2.234406089782714844e+01
2.229626083374023438e+01
2.201522827148437500e+01
2.215981674194335938e+01
2.230951881408691406e+01
2.195797157287597656e+01
2.246361351013183594e+01
2.243162345886230469e+01
2.229189300537109375e+01
2.203895950317382812e+01
2.225977897644042969e+01
2.202740478515625000e+01
2.218884658813476562e+01
2.218798637390136719e+01
2.193560981750488281e+01
2.218707656860351562e+01
2.203734397888183594e+01
2.200458335876464844e+01
2.188312911987304688e+01
2.201200103759765625e+01
2.200338363647460938e+01
2.197974205017089844e+01
2.207837677001953125e+01
2.173191642761230469e+01
2.192838478088378906e+01
2.233108520507812500e+01
2.194361495971679688e+01
2.201607513427734375e+01
2.191670608520507812e+01
2.186825942993164062e+01
2.175960922241210938e+01
2.184634590148925781e+01
2.201739311218261719e+01
2.198384094238281250e+01
2.217880821228027344e+01
2.196837997436523438e+01
2.191876792907714844e+01
2.201556777954101562e+01
2.197007751464843750e+01
2.171745491027832031e+01
2.170323371887207031e+01
2.205638694763183594e+01
2.178853225708007812e+01
2.178643226623535156e+01
2.196912765502929688e+01
2.194760513305664062e+01
2.177531242370605469e+01
2.166158485412597656e+01
2.218633079528808594e+01
2.165600967407226562e+01
2.174434089660644531e+01
2.184593200683593750e+01
2.184755897521972656e+01
2.162614059448242188e+01
2.168243408203125000e+01
2.183950805664062500e+01
2.171606063842773438e+01
2.189138603210449219e+01
2.160025787353515625e+01
2.192072677612304688e+01
2.187142181396484375e+01
2.179019737243652344e+01
2.186354255676269531e+01
2.152935218811035156e+01
2.196130752563476562e+01
2.153797340393066406e+01
2.168329238891601562e+01
2.177947235107421875e+01
2.165819358825683594e+01
2.194707298278808594e+01
2.196231079101562500e+01
2.172272491455078125e+01
2.145402908325195312e+01
2.160768508911132812e+01
2.163789367675781250e+01
2.162258338928222656e+01
2.169111633300781250e+01
2.180800628662109375e+01
2.178439331054687500e+01
2.181259536743164062e+01
2.187318229675292969e+01
2.162181663513183594e+01
2.188279914855957031e+01
2.156244468688964844e+01
2.185373878479003906e+01
2.179417228698730469e+01
2.176285743713378906e+01
2.165057373046875000e+01
2.151544570922851562e+01
2.166076850891113281e+01
2.155736351013183594e+01
2.146388435363769531e+01
2.142169380187988281e+01
2.152953910827636719e+01
2.161859512329101562e+01
2.180468177795410156e+01
2.138118743896484375e+01
2.160995864868164062e+01
2.144787025451660156e+01
2.142409706115722656e+01
2.142032814025878906e+01
2.128503417968750000e+01
2.150604820251464844e+01
2.167116928100585938e+01
2.227649307250976562e+01
2.157197189331054688e+01
2.173483276367187500e+01
2.156699752807617188e+01
2.139296913146972656e+01
2.139385414123535156e+01
2.150865936279296875e+01
2.147099876403808594e+01
2.154371452331542969e+01
2.132517242431640625e+01
2.154367065429687500e+01
2.133460998535156250e+01
2.151885414123535156e+01
2.136135482788085938e+01
2.125266075134277344e+01
2.157452774047851562e+01
2.133663368225097656e+01
2.128792762756347656e+01
2.149442863464355469e+01
2.141754722595214844e+01
2.134432601928710938e+01
2.125811767578125000e+01
2.118321609497070312e+01
2.136742782592773438e+01
2.121703338623046875e+01
2.129512786865234375e+01
2.130591773986816406e+01
2.143612670898437500e+01
2.132726860046386719e+01
2.134767150878906250e+01
2.143311500549316406e+01
2.142632293701171875e+01
2.145901679992675781e+01
2.133380126953125000e+01
2.133821296691894531e+01
2.127113533020019531e+01
2.127372932434082031e+01
2.125054931640625000e+01
2.121975517272949219e+01
2.114352035522460938e+01
2.138547515869140625e+01
2.109403800964355469e+01
2.143326568603515625e+01
2.136155319213867188e+01
2.130738830566406250e+01
2.109853553771972656e+01
2.113321113586425781e+01
2.134769058227539062e+01
2.108699417114257812e+01
2.129163360595703125e+01
2.125656509399414062e+01
2.132007598876953125e+01
2.126644515991210938e+01
2.126169967651367188e+01
2.113374137878417969e+01
2.134947967529296875e+01
2.115892791748046875e+01
2.119781303405761719e+01
2.129541778564453125e+01
2.103399276733398438e+01
2.112918663024902344e+01
2.108972930908203125e+01
2.117937088012695312e+01
2.101552772521972656e+01
2.116448974609375000e+01
2.123120498657226562e+01
2.126746177673339844e+01
2.108805465698242188e+01
2.092305374145507812e+01
2.119078063964843750e+01
2.124747467041015625e+01
2.105817794799804688e+01
2.112829208374023438e+01
2.107293510437011719e+01
2.112765312194824219e+01
2.110166931152343750e+01
2.118636322021484375e+01
2.116149330139160156e+01
2.108889770507812500e+01
2.122710037231445312e+01
2.097033119201660156e+01
2.108833503723144531e+01
2.103572654724121094e+01
2.096680450439453125e+01
2.111554908752441406e+01
2.106749343872070312e+01
2.105401420593261719e+01
2.098819351196289062e+01
2.096743965148925781e+01
2.097524070739746094e+01
2.108292007446289062e+01
2.110572052001953125e+01
2.108939933776855469e+01
2.101058197021484375e+01
2.111311340332031250e+01
2.095051383972167969e+01
2.095784950256347656e+01
2.089465141296386719e+01
2.098122406005859375e+01
2.092319488525390625e+01
2.094904518127441406e+01
2.092861747741699219e+01
2.077480888366699219e+01
2.083013153076171875e+01
2.094902801513671875e+01
2.093160438537597656e+01
2.097108078002929688e+01
2.102270317077636719e+01
2.090941047668457031e+01
2.083700370788574219e+01
2.071411895751953125e+01
2.077743339538574219e+01
2.091390800476074219e+01
2.087478256225585938e+01
2.097988891601562500e+01
2.073966598510742188e+01
2.092499160766601562e+01
2.079821968078613281e+01
2.095983314514160156e+01
2.084541702270507812e+01
2.077128791809082031e+01
2.100998687744140625e+01
2.082920455932617188e+01
2.078495979309082031e+01
2.082754707336425781e+01
2.097996902465820312e+01
2.085973548889160156e+01
2.089098358154296875e+01
2.076916313171386719e+01
2.086156845092773438e+01
2.090480041503906250e+01
2.089667701721191406e+01
2.090090370178222656e+01
2.086221504211425781e+01
2.088397979736328125e+01
2.075143623352050781e+01
2.080222702026367188e+01
2.097762489318847656e+01
2.071822166442871094e+01
2.075832557678222656e+01
2.083860778808593750e+01
2.080644798278808594e+01
2.091447067260742188e+01
2.084151649475097656e+01
2.088659667968750000e+01
2.079727745056152344e+01
2.076730346679687500e+01
2.064980506896972656e+01
2.077142333984375000e+01
2.075390052795410156e+01
2.078571319580078125e+01
2.092330551147460938e+01
2.074058341979980469e+01
2.073163986206054688e+01
2.091648101806640625e+01
2.077057075500488281e+01
2.080822181701660156e+01
2.083102798461914062e+01
2.076154899597167969e+01
2.080232238769531250e+01
2.054101371765136719e+01
2.094217300415039062e+01
2.073332023620605469e+01
2.080578231811523438e+01
2.076344871520996094e+01
2.079883956909179688e+01
2.069765281677246094e+01
2.060230064392089844e+01
2.063246154785156250e+01
2.077667999267578125e+01
2.084822845458984375e+01
2.056777381896972656e+01
2.061872482299804688e+01
2.058897399902343750e+01
2.069463920593261719e+01
2.078016090393066406e+01
2.074444770812988281e+01
2.065968894958496094e+01
2.072640800476074219e+01
2.072475051879882812e+01
2.070820236206054688e+01
2.065610504150390625e+01
2.067480659484863281e+01
2.077623748779296875e+01
2.063765716552734375e+01
2.071518325805664062e+01
2.065614700317382812e+01
2.065880966186523438e+01
2.057016754150390625e+01
2.059242057800292969e+01
2.060949707031250000e+01
2.056058692932128906e+01
2.077211380004882812e+01
2.062171173095703125e+01
2.070741271972656250e+01
2.075672721862792969e+01
2.065856361389160156e+01
2.068656158447265625e+01
2.059432220458984375e+01
2.056407928466796875e+01
2.073933410644531250e+01
2.064495468139648438e+01
2.065264892578125000e+01
2.073862648010253906e+01
2.073902511596679688e+01
2.062595558166503906e+01
2.062976264953613281e+01
2.067694282531738281e+01
2.061137771606445312e+01
2.065835380554199219e+01
2.058327102661132812e+01
2.068209266662597656e+01
2.057547378540039062e+01
2.063010597229003906e+01
2.047115325927734375e+01
2.051102256774902344e+01
2.051939773559570312e+01
2.051352691650390625e+01
2.045374298095703125e+01
2.058537483215332031e+01
2.059511947631835938e+01
2.055233955383300781e+01
2.056624221801757812e+01
2.054854202270507812e+01
2.056666946411132812e+01
2.050934791564941406e+01
2.056400489807128906e+01
2.040601921081542969e+01
2.061429214477539062e+01
2.045552825927734375e+01
2.055625152587890625e+01
2.056243324279785156e+01
2.052969932556152344e+01
2.054557800292968750e+01
2.050001907348632812e+01
2.051344490051269531e+01
2.050700187683105469e+01
2.040580177307128906e+01
2.055524063110351562e+01
2.045690345764160156e+01
2.054580307006835938e+01
2.055821418762207031e+01
2.050344848632812500e+01
2.054349517822265625e+01
2.048821258544921875e+01
2.045825576782226562e+01
2.032947921752929688e+01
2.045329475402832031e+01
2.044117736816406250e+01
2.050217437744140625e+01
2.051289367675781250e+01
2.034696197509765625e+01
2.050697517395019531e+01
2.045425605773925781e+01
2.040342521667480469e+01
2.055978775024414062e+01
2.040127944946289062e+01
2.038753700256347656e+01
2.040124320983886719e+01
2.033196830749511719e+01
2.040015220642089844e+01
2.041689682006835938e+01
2.049264907836914062e+01
2.038419342041015625e+01
2.032708358764648438e+01
2.042539787292480469e+01
2.036561775207519531e+01
2.046935081481933594e+01
2.050972557067871094e+01
2.036299514770507812e+01
2.040108489990234375e+01
2.049125099182128906e+01
2.039540481567382812e+01
2.036326980590820312e+01
2.039442443847656250e+01
2.036094665527343750e+01
2.040091323852539062e+01
2.049835205078125000e+01
2.038740921020507812e+01
2.036006736755371094e+01
2.040049171447753906e+01
2.033138847351074219e+01
2.032117271423339844e+01
2.036571502685546875e+01
2.048272323608398438e+01
2.040191650390625000e+01
2.040448951721191406e+01
2.025945281982421875e+01
2.031511116027832031e+01
2.037508392333984375e+01
2.036044120788574219e+01
2.036714744567871094e+01
2.037035560607910156e+01
2.031471633911132812e+01
2.042682075500488281e+01
2.040688133239746094e+01
2.037416648864746094e+01
2.036548233032226562e+01
2.040337181091308594e+01
2.038621711730957031e+01
2.037480735778808594e+01
2.034073638916015625e+01
2.033250236511230469e+01
2.028808784484863281e+01
2.026465797424316406e+01
2.024862861633300781e+01
2.029533576965332031e+01
2.035656738281250000e+01
2.031142616271972656e+01
2.034923362731933594e+01
2.031953430175781250e+01
2.037695312500000000e+01
2.026357460021972656e+01
2.032063484191894531e+01
2.028327369689941406e+01
2.025674819946289062e+01
2.025937652587890625e+01
2.033361244201660156e+01
2.036312103271484375e+01
2.033282089233398438e+01
2.024529457092285156e+01
2.039403724670410156e+01
2.035718917846679688e+01
2.032168388366699219e+01
2.033068275451660156e+01
2.025675964355468750e+01
2.032712173461914062e+01
2.036611938476562500e+01
2.032650375366210938e+01
2.022588920593261719e+01
2.034034538269042969e+01
2.027670669555664062e+01
2.035865783691406250e+01
2.027836799621582031e+01
2.021129226684570312e+01
2.020892715454101562e+01
2.032747459411621094e+01
2.033284759521484375e+01
2.021528816223144531e+01
2.028852844238281250e+01
2.023362922668457031e+01
2.025018692016601562e+01
2.031179046630859375e+01
2.023047256469726562e+01
2.027485084533691406e+01
2.028814697265625000e+01
2.023711585998535156e+01
2.027190780639648438e+01
2.022233009338378906e+01
2.019040489196777344e+01
2.026534080505371094e+01
2.021703147888183594e+01
2.023619461059570312e+01
2.025167083740234375e+01
2.024501800537109375e+01
2.016610527038574219e+01
2.027502059936523438e+01
2.013244628906250000e+01
2.024843788146972656e+01
2.021094512939453125e+01
2.014410209655761719e+01
2.019552421569824219e+01
2.022841072082519531e+01
2.037600898742675781e+01
2.028800773620605469e+01
2.021327209472656250e+01
2.027325057983398438e+01
2.017166328430175781e+01
2.025810623168945312e+01
2.022729492187500000e+01
2.021031761169433594e+01
2.024811935424804688e+01
2.030594062805175781e+01
2.020473480224609375e+01
2.021873092651367188e+01
2.016284179687500000e+01
2.020366477966308594e+01
2.017207908630371094e+01
2.015872764587402344e+01
2.017873764038085938e+01
2.021034622192382812e+01
2.018907928466796875e+01
2.024738311767578125e+01
2.010454177856445312e+01
2.028782653808593750e+01
2.009766769409179688e+01
2.015274620056152344e+01
2.019543457031250000e+01
2.019784927368164062e+01
2.015213012695312500e+01
2.013244056701660156e+01
2.019931793212890625e+01
2.020788002014160156e+01
2.015058517456054688e+01
2.018630218505859375e+01
2.011051559448242188e+01
2.022088432312011719e+01
2.018234252929687500e+01
2.019151115417480469e+01
2.011575508117675781e+01
2.024711799621582031e+01
2.012988090515136719e+01
2.018284606933593750e+01
2.013732337951660156e+01
2.013403701782226562e+01
2.013613128662109375e+01
2.021731185913085938e+01
2.008747482299804688e+01
2.022064971923828125e+01
2.018042945861816406e+01
2.017367362976074219e+01
2.014332389831542969e+01
2.011114501953125000e+01
2.010734939575195312e+01
2.013058090209960938e+01
2.020261573791503906e+01
2.015973663330078125e+01
2.011766242980957031e+01
2.012594413757324219e+01
2.011108207702636719e+01
2.020291900634765625e+01
2.014030838012695312e+01
2.011839103698730469e+01
2.010803031921386719e+01
