-2.201615367084741592e-03
2.884767018258571625e-03
3.654606989584863186e-04
6.663501262664794922e-03
-2.102309372276067734e-05
1.127627328969538212e-03
3.632568055763840675e-03
1.069651450961828232e-02
7.814373821020126343e-03
1.649838173761963844e-03
1.908991253003478050e-03
-1.930570113472640514e-03
-7.602105382829904556e-03
3.329295665025711060e-03
4.381525795906782150e-03
-9.044421603903174400e-04
-1.317032845690846443e-03
-1.171265845187008381e-03
-9.398467373102903366e-04
5.041542928665876389e-03
5.939043127000331879e-03
-9.257429279386997223e-03
6.454667542129755020e-03
-8.245213888585567474e-03
1.251277327537536621e-02
-1.210833434015512466e-04
1.189227122813463211e-02
-7.981847971677780151e-03
1.331036328338086605e-03
-1.909738930407911539e-04
